0.000107049942017
6.79492950439e-05
6.38961791992e-05
6.50882720947e-05
6.50882720947e-05
6.60419464111e-05
6.38961791992e-05
6.60419464111e-05
6.48498535156e-05
6.69956207275e-05
6.50882720947e-05
6.50882720947e-05
6.38961791992e-05
8.51154327393e-05
6.79492950439e-05
6.38961791992e-05
6.69956207275e-05
6.91413879395e-05
6.38961791992e-05
6.50882720947e-05
6.50882720947e-05
7.29560852051e-05
6.48498535156e-05
0.000100135803223
6.41345977783e-05
6.41345977783e-05
6.41345977783e-05
6.38961791992e-05
6.48498535156e-05
6.48498535156e-05
6.60419464111e-05
6.48498535156e-05
6.29425048828e-05
6.48498535156e-05
6.48498535156e-05
6.50882720947e-05
6.89029693604e-05
6.41345977783e-05
6.38961791992e-05
6.41345977783e-05
6.38961791992e-05
6.60419464111e-05
6.29425048828e-05
6.41345977783e-05
6.38961791992e-05
6.50882720947e-05
6.38961791992e-05
6.50882720947e-05
6.38961791992e-05
6.48498535156e-05
6.79492950439e-05
9.20295715332e-05
6.60419464111e-05
6.60419464111e-05
6.50882720947e-05
6.98566436768e-05
6.48498535156e-05
6.50882720947e-05
6.48498535156e-05
6.41345977783e-05
6.60419464111e-05
6.48498535156e-05
6.48498535156e-05
6.29425048828e-05
6.41345977783e-05
6.29425048828e-05
6.38961791992e-05
6.69956207275e-05
6.50882720947e-05
6.38961791992e-05
7.20024108887e-05
6.50882720947e-05
6.48498535156e-05
6.50882720947e-05
6.38961791992e-05
6.29425048828e-05
6.41345977783e-05
6.38961791992e-05
6.50882720947e-05
6.41345977783e-05
6.48498535156e-05
6.48498535156e-05
6.38961791992e-05
6.41345977783e-05
6.50882720947e-05
6.50882720947e-05
9.32216644287e-05
6.60419464111e-05
6.48498535156e-05
