99.4133300781
69.4133300781
39.4133300781
9.41333198547
20.5866680145
50.5866699219
106.662666321
76.6626663208
46.6626663208
16.6626644135
13.3373355865
43.3373336792
141.220504761
111.220504761
81.2205047607
51.2205047607
21.2205047607
8.77949523926
27.9585494995
57.9585494995
117.9585495
147.958557129
31.3639297485
58.6360702515
64.261100769
34.261100769
4.26110267639
25.7388973236
55.738899231
85.738899231
78.9909133911
48.9909133911
41.3099327087
18.9909133911
11.0090866089
41.0090866089
131.309936523
71.0090866089
9.3045501709
20.6954498291
50.6954498291
80.6954498291
110.695449829
140.695449829
47.8787002563
10.15599823
78.301864624
57.9794769287
136.858398438
65.3624649048
17.878698349
40.15599823
48.301864624
27.9794750214
106.858398438
35.3624610901
12.121301651
70.15599823
18.301864624
2.02052497864
76.8583984375
5.36246204376
42.1212997437
100.15599823
11.6981344223
32.0205230713
46.8583984375
24.6375389099
72.1212997437
130.156005859
41.698135376
62.0205230713
16.8583984375
54.6375389099
102.121299744
160.156005859
71.698135376
92.0205230713
13.1416015625
84.6375350952
63.9765434265
33.9765434265
26.0234565735
56.0234565735
126.068283081
96.0682830811
36.0682868958
6.06828689575
70.1009063721
40.1009063721
19.8990936279
49.8990936279
106.798912048
76.7989120483
46.7989120483
16.798910141
13.201089859
43.2010879517
162.662689209
132.662689209
102.662696838
72.6626968384
42.6626968384
12.6626968384
141.194061279
145.60218811
111.194061279
115.60218811
81.1940612793
85.6021881104
51.1940612793
55.6021881104
21.1940612793
25.6021881104
8.8059387207
4.39781188965
100.016891479
88.6504211426
93.9704055786
70.0168914795
58.6504211426
63.9704055786
40.0168914795
28.6504192352
33.9704055786
10.0168914795
1.34958076477
3.97040748596
19.9831085205
31.3495807648
26.029592514
49.9831085205
61.3495788574
56.0295944214
14.1319503784
44.1319503784
74.1319503784
104.131950378
134.131958008
164.131958008
11.1214752197
41.1214752197
71.1214752197
101.12147522
131.12147522
161.12147522
21.6561088562
8.3438911438
38.3438911438
68.3438873291
98.3438873291
128.343887329
142.036224365
112.036231995
82.0362319946
52.0362319946
22.0362319946
7.96376800537
75.924041748
90.5928115845
45.9240455627
60.5928115845
15.9240455627
30.5928115845
14.0759544373
0.592810630798
44.0759544373
29.4071884155
74.075958252
59.4071884155
52.319442749
22.3194408417
7.68055915833
37.680557251
67.680557251
97.680557251
26.8340377808
56.8340377808
116.834037781
146.83404541
24.1932754517
5.80672454834
35.8067245483
65.8067245483
95.8067245483
125.806724548
20.0493736267
4.6354675293
9.95062637329
25.3645324707
39.9506263733
69.9506225586
85.3645324707
99.9506225586
115.364532471
129.950622559
36.604839325
6.60483932495
23.395160675
53.395160675
83.3951568604
113.39515686
20.960521698
9.039478302
39.039478302
69.0394744873
99.0394744873
129.039474487
98.4985656738
8.49856567383
93.1890487671
63.1890487671
33.1890487671
3.18904685974
26.8109531403
56.8109512329
35.1125869751
54.8874130249
98.0851364136
68.0851364136
8.08513450623
21.9148654938
60.4257850647
30.4257850647
0.425785064697
29.5742149353
59.5742149353
89.57421875
108.396842957
112.455551147
85.7093276978
78.3968429565
82.4555511475
55.7093276978
48.3968429565
52.4555473328
18.3968429565
22.4555473328
4.29067230225
11.6031570435
7.54445266724
34.2906723022
41.6031570435
37.5444526672
4.59228515625
0.963752746582
34.5922851562
30.9637527466
64.5922851562
60.9637527466
94.5922851562
90.9637527466
124.592285156
120.963752747
154.592285156
150.963745117
1.26020050049
11.0090866089
28.7397994995
41.0090866089
58.7397994995
71.0090866089
88.7397994995
101.009086609
118.7397995
131.009094238
148.739807129
161.009094238
62.5500030518
32.5500030518
2.55000400543
27.4499969482
57.4499969482
87.4499969482
13.8300933838
43.8300933838
73.8300933838
103.830093384
133.830093384
163.830093384
5.38187408447
35.3818740845
95.3818740845
125.381874084
13.2351913452
43.2351913452
73.2351913452
103.235191345
133.235198975
163.235198975
22.6937942505
7.30620574951
67.3062057495
97.3062057495
45.7807540894
44.2192459106
61.8494491577
31.8494510651
1.84945106506
28.1505489349
58.1505508423
88.1505508423
72.963104248
42.9631080627
12.9631061554
17.0368938446
47.0368919373
77.036895752
10.0835876465
19.9164123535
49.9164123535
79.9164123535
109.916412354
139.916412354
6.29735565186
23.7026443481
53.7026443481
83.7026443481
113.702644348
143.702636719
19.3803443909
10.6196556091
40.6196556091
70.6196594238
100.619659424
130.619659424
20.3948020935
9.60519790649
39.6051979065
69.6051940918
99.6051940918
129.605194092
146.965713501
116.965713501
86.965713501
56.965713501
26.965713501
3.03428649902
129.117858887
37.7335968018
38.453704834
49.5739212036
68.453704834
39.1178627014
52.2664031982
128.453704834
40.4260787964
158.453704834
119.356246948
78.0127868652
48.0127868652
59.3562507629
18.0127868652
29.3562507629
11.9872131348
41.9872131348
30.6437492371
71.9872131348
10.7321090698
120.0
75.9877624512
40.7321090698
90.0
45.9877586365
60.0
15.9877605438
100.73210907
30.0
14.0122394562
130.732116699
0.0
44.0122413635
30.0
74.0122375488
47.5219802856
141.07598877
101.942115784
17.5219783783
111.075996399
71.9421157837
12.4780216217
81.0759963989
41.9421157837
42.4780197144
51.0759963989
11.9421138763
72.4780197144
21.0759963989
18.0578861237
102.478019714
8.92400360107
48.0578842163
71.2686004639
41.2686042786
11.2686033249
18.7313957214
48.7313957214
78.7313995361
66.4163818359
36.4163780212
23.5836219788
53.5836219788
153.465377808
123.465377808
93.4653778076
63.4653778076
33.4653778076
3.46537780762
6.1940612793
23.8059387207
53.8059387207
83.8059387207
113.805938721
143.805938721
61.2930374146
31.2930393219
1.2930393219
28.7069606781
58.7069625854
88.7069625854
13.1523895264
43.1523895264
73.1523895264
103.152389526
133.152389526
163.152389526
61.1849746704
31.1849746704
1.18497562408
28.8150253296
58.8150253296
88.8150253296
15.0214996338
14.9785003662
74.9785003662
104.978500366
58.0456390381
28.0456371307
31.9543628693
61.9543609619
109.777832031
109.624153137
79.7778320312
79.6241531372
49.7778320312
49.6241531372
19.7778320312
19.6241531372
10.2221679688
10.3758468628
40.2221679688
40.3758468628
154.992019653
124.992019653
94.9920196533
64.9920196533
34.9920196533
4.99201965332
158.516937256
128.516937256
98.5169296265
68.5169296265
38.5169296265
8.51692962646
43.0631713867
73.0631713867
133.063171387
163.063171387
73.2376098633
43.2376098633
46.6365776062
13.2376089096
16.7623901367
46.7623901367
43.3634223938
76.7623901367
71.2482681274
41.2482719421
11.2482709885
18.7517280579
48.7517280579
78.7517318726
67.278175354
71.0548171997
64.9920196533
37.278175354
41.054813385
34.9920196533
7.27817440033
11.054813385
4.99202060699
22.721824646
18.945186615
25.0079803467
52.721824646
48.945186615
55.0079803467
82.721824646
78.9451828003
85.0079803467
110.217590332
80.217590332
50.217590332
20.217590332
9.78240966797
39.782409668
83.6731719971
86.6592941284
53.6731719971
56.6592903137
23.6731739044
26.6592903137
6.32682609558
3.3407087326
36.3268280029
33.3407096863
66.3268280029
63.3407096863
45.472694397
15.4726924896
14.5273075104
44.527305603
74.527305603
104.527305603
60.5705833435
30.5705833435
0.57058429718
29.4294166565
59.4294166565
89.4294128418
73.9769668579
43.9769706726
13.9769697189
16.0230293274
46.0230293274
76.0230331421
14.0608062744
44.0608062744
74.0608062744
104.060806274
134.060806274
164.060806274
161.583404541
131.583404541
101.583404541
71.583404541
41.583404541
11.583404541
156.528869629
159.09387207
126.528862
129.09387207
96.5288619995
99.0938644409
66.5288619995
69.0938644409
36.5288619995
39.0938644409
6.52886199951
9.09386444092
64.5625228882
34.5625267029
4.56252574921
25.4374732971
55.4374732971
85.4374771118
160.333145142
130.333145142
100.333145142
70.3331451416
40.3331451416
10.3331451416
49.9325408936
19.9325389862
10.0674610138
40.0674591064
70.0674591064
100.067459106
43.2010879517
13.201089859
16.798910141
46.7989120483
76.7989120483
106.798912048
56.2413482666
57.8972702026
26.241350174
27.89727211
3.75864982605
2.10272789001
33.7586517334
32.1027297974
63.7586517334
62.1027297974
93.7586517334
92.1027297974
127.405357361
37.4053573608
53.7461624146
23.7461624146
36.2538375854
66.2538375854
77.2311706543
47.231174469
17.231174469
12.768825531
42.768825531
72.7688293457
79.7636413574
49.7636413574
19.7636413574
10.2363586426
40.2363586426
70.2363586426
98.8117828369
68.8117828369
8.81177902222
21.1882209778
1.53483581543
1.29404449463
28.4651641846
28.7059555054
58.4651641846
58.7059555054
88.4651641846
88.7059555054
118.465164185
118.705955505
148.465164185
148.705963135
32.8450546265
62.8450546265
122.845054626
152.845062256
140.492584229
110.492591858
80.4925918579
50.4925918579
20.4925918579
9.50740814209
134.858612061
104.858612061
74.8586120605
83.0254898071
44.8586120605
14.8586120605
15.1413879395
6.97451019287
3.07067871094
33.0706787109
63.0706787109
93.0706787109
123.070678711
153.070678711
4.17699432373
34.1769943237
64.1769943237
94.1769943237
124.176994324
154.177001953
63.5412483215
33.5412483215
3.54124736786
26.4587516785
56.4587516785
86.4587554932
57.5972976685
27.5972976685
2.40270233154
32.4027023315
62.4027023315
92.4027023315
61.3994598389
31.3994579315
1.39945793152
28.6005420685
58.6005401611
88.6005401611
87.6803817749
57.6803817749
27.6803817749
2.3196182251
32.3196182251
62.3196182251
94.8851623535
4.88516426086
2.00537872314
0.25643157959
32.0053787231
62.0053787231
92.0053787231
90.2564315796
122.005378723
152.005371094
96.4890365601
66.4890365601
36.4890365601
6.48903465271
23.5109653473
53.5109634399
83.2971420288
23.2971458435
6.70285511017
66.7028579712
140.995986938
110.995986938
80.9959869385
50.9959869385
20.9959869385
9.00401306152
154.777832031
124.777824402
94.7778244019
64.7778244019
34.7778244019
4.77782440186
36.3401908875
6.34019088745
53.6598091125
83.6598052979
34.028263092
4.02826309204
25.971736908
55.971736908
85.9717407227
115.971740723
91.0889816284
61.0889816284
31.0889797211
1.08897972107
28.9110202789
58.9110183716
65.3752670288
35.3752670288
5.37526512146
8.22060203552
24.6247348785
54.6247329712
84.6247329712
98.2206039429
29.8759918213
59.8759918213
119.875991821
149.875991821
71.5317687988
11.5317707062
18.4682292938
78.4682312012
78.8140716553
48.81407547
18.81407547
11.1859254837
41.18592453
71.1859283447
23.2544212341
6.74557876587
36.7455787659
66.7455749512
96.7455749512
126.745574951
83.8418121338
53.8418121338
23.8418140411
6.15818595886
36.1581878662
66.1581878662
84.4623260498
54.4623222351
24.4623222351
5.53767776489
35.5376777649
65.5376739502
95.4098815918
65.4098815918
35.4098815918
5.4098815918
24.5901184082
54.5901184082
107.106254578
96.3706207275
100.887023926
77.1062545776
66.3706207275
70.8870239258
47.1062545776
36.3706207275
17.1062545776
6.37062072754
10.8870258331
12.8937454224
23.6293792725
19.1129741669
42.8937454224
53.6293792725
14.7448768616
32.2457466125
15.2551231384
2.24574661255
45.2551231384
27.7542533875
75.2551269531
57.7542533875
105.255126953
87.7542572021
135.255126953
117.754257202
95.9557800293
65.9557800293
35.9557762146
5.9557762146
24.0442237854
54.0442237854
97.7824020386
7.78240394592
9.05313873291
39.0531387329
69.0531387329
99.0531387329
129.053131104
159.053131104
40.985824585
10.985824585
49.014175415
79.014175415
4.91940307617
34.9194030762
64.9194030762
94.9194030762
124.919403076
154.919403076
66.7028579712
71.0090866089
156.702850342
161.009094238
88.534034729
58.534034729
28.534034729
1.465965271
31.465965271
61.465965271
85.8230133057
55.823009491
25.823009491
4.17698955536
34.176990509
64.1769866943
74.215171814
44.2151756287
14.2151756287
15.7848243713
45.7848243713
75.784828186
54.188835144
24.188835144
35.811164856
65.811164856
37.2750053406
34.8645172119
7.27500534058
4.86451721191
22.7249946594
25.1354827881
52.7249946594
55.1354827881
82.7249908447
85.1354827881
112.724990845
115.135482788
132.339080811
72.3390884399
42.3390884399
17.6609115601
122.161071777
123.576339722
92.1610717773
93.5763397217
62.161075592
63.576335907
32.161075592
33.576335907
2.16107559204
3.57633590698
27.838924408
26.423664093
143.198577881
143.344009399
146.301025391
154.380340576
113.19858551
113.344009399
116.301017761
124.380348206
83.1985855103
83.3440093994
86.3010177612
94.3803482056
53.1985855103
53.3440093994
56.3010177612
64.3803482056
23.1985855103
23.3440093994
26.3010177612
34.3803482056
6.80141448975
6.65599060059
3.69898223877
4.38034820557
142.543060303
112.543060303
52.5430603027
22.5430603027
10.7099533081
75.0
154.61114502
74.2042770386
118.152389526
19.2900466919
45.0
124.61113739
88.1523895264
49.2900466919
15.0
94.6111373901
14.2042760849
58.1523857117
79.2900466919
15.0
64.6111373901
15.7957239151
28.1523857117
109.290046692
45.0
34.6111373901
1.84761428833
139.290039062
75.0
4.61113739014
75.7957229614
31.8476142883
128.426971436
151.607498169
98.4269714355
121.607498169
68.4269714355
91.6074981689
38.4269714355
61.6074981689
8.42697143555
31.6074981689
21.5730285645
1.60749816895
161.820175171
121.123306274
73.4088592529
71.9059448242
161.566375732
131.820175171
91.1233062744
43.4088592529
41.9059410095
131.566375732
101.820175171
61.1233024597
13.4088602066
11.9059419632
101.566368103
71.8201751709
31.1233024597
16.5911407471
18.0940589905
71.566368103
41.8201751709
1.12330245972
46.5911407471
48.0940589905
41.566368103
11.8201751709
28.8766975403
76.5911407471
78.0940551758
11.566368103
76.0514755249
46.0514793396
16.0514793396
13.9485216141
43.9485206604
73.9485244751
104.065979004
74.0659790039
14.0659751892
15.9340248108
70.0302581787
40.0302581787
10.0302591324
19.9697418213
49.9697418213
79.9697418213
69.5596694946
39.5596694946
9.55966758728
20.4403324127
50.4403305054
80.4403305054
163.492553711
133.492553711
103.49256134
73.4925613403
43.4925613403
13.4925613403
18.1113433838
11.8886566162
41.8886566162
71.8886566162
101.888656616
131.888656616
42.9946174622
120.725227356
7.23483276367
12.9946174622
90.725227356
37.2348327637
17.0053825378
60.725227356
67.2348327637
47.0053825378
30.725227356
97.2348327637
77.0053863525
0.725227355957
127.234832764
107.005386353
29.274772644
157.234832764
45.8014450073
44.1985549927
31.9305915833
71.5834121704
1.93059158325
41.5834121704
28.0694084167
11.5834121704
58.0694084167
18.4165878296
88.0694122314
48.4165878296
118.069412231
78.4165878296
0.52970123291
65.224861145
30.5297012329
35.224861145
60.5297012329
90.5297012329
24.7751407623
120.529701233
54.775138855
150.529693604
47.5924263
12.4075737
42.4075737
102.407577515
102.050598145
9.22774505615
86.4587554932
20.7722549438
56.4587516785
42.0505981445
50.7722549438
26.4587516785
12.0505962372
80.7722549438
3.54124736786
110.772254944
33.5412483215
47.9494018555
140.772247314
63.5412483215
79.2900466919
10.7099533081
14.118598938
95.646987915
62.4711914062
44.118598938
65.646987915
32.4711914062
74.118598938
35.646987915
2.47119235992
104.118598938
5.64698982239
27.5288085938
134.118591309
24.3530101776
57.5288085938
164.118591309
54.353012085
87.5288085938
95.4622650146
65.4622650146
35.4622688293
5.46226882935
24.5377311707
54.5377311707
3.43494415283
9.82934570312
26.5650558472
20.1706542969
56.5650558472
50.1706542969
86.5650558472
80.1706542969
116.565055847
110.170654297
146.565063477
140.170654297
155.652404785
125.652397156
95.6523971558
65.6523971558
35.6523971558
5.65239715576
161.682220459
101.682220459
71.682220459
11.682220459
162.39743042
132.39743042
102.397438049
72.3974380493
42.3974380493
12.3974380493
139.326263428
109.326263428
79.3262634277
49.3262634277
19.3262634277
10.6737365723
147.781585693
117.781593323
87.7815933228
57.7815933228
27.7815933228
2.21840667725
111.617385864
81.6173858643
21.6173858643
8.38261413574
75.0
45.0
15.0
15.0
45.0
75.0
5.23380279541
95.2338027954
37.5238227844
41.0702018738
127.52381897
131.070205688
65.9186553955
61.2469329834
35.9186515808
31.2469329834
5.91865158081
1.24693202972
24.0813484192
28.7530670166
54.0813484192
58.7530670166
84.0813446045
88.7530670166
65.7746810913
35.7746772766
5.77467823029
24.2253227234
54.2253227234
84.2253189087
22.2702713013
52.2702713013
112.270271301
142.270263672
12.9371376038
17.0628623962
47.0628623962
77.0628662109
107.062866211
137.062866211
6.03750610352
23.9624938965
53.9624938965
83.9624938965
113.962493896
143.962493896
60.7354888916
30.7354888916
0.735487937927
29.2645111084
59.2645111084
89.2645111084
89.2810974121
59.2810935974
29.2810935974
0.718905448914
30.7189064026
60.7189064026
90.1729125977
60.1729125977
30.172914505
0.172914505005
29.827085495
59.8270874023
40.159072876
10.159072876
19.840927124
49.840927124
79.840927124
109.840927124
104.898902893
74.8989028931
44.8989028931
14.8989009857
15.1010990143
45.1010971069
161.185928345
131.185928345
101.185928345
71.1859283447
41.1859283447
11.1859283447
122.471130371
92.4711303711
62.4711341858
32.4711341858
2.47113418579
27.5288658142
118.329063416
88.3290634155
28.3290634155
1.67093658447
8.49856567383
21.5014343262
51.5014343262
81.5014343262
111.501434326
141.501434326
5.6954498291
24.3045501709
54.3045501709
84.3045501709
114.304550171
144.304550171
48.0723228455
41.9276771545
108.795166016
78.7951660156
48.7951660156
18.7951660156
11.2048339844
41.2048339844
3.95906066895
33.9590606689
63.9590606689
93.9590606689
123.959060669
153.959060669
12.9545898438
72.9545898438
102.954589844
162.954589844
91.6992492676
61.6992454529
31.6992454529
1.69924545288
28.3007545471
58.3007545471
99.3764648438
69.3764648438
39.3764686584
9.37646865845
20.6235313416
50.6235313416
5.21759033203
4.17699432373
35.217590332
34.1769943237
65.217590332
64.1769943237
95.217590332
94.1769943237
125.217590332
124.176994324
155.217590332
154.177001953
9.9868850708
39.9868850708
69.9868850708
99.9868850708
129.986877441
159.986877441
62.1759033203
32.1759033203
27.8240966797
57.8240966797
59.2504272461
29.2504272461
40.246219635
0.749573707581
30.7495727539
60.7495727539
49.753780365
90.7495727539
42.3194465637
127.206054688
70.0728912354
157.146697998
12.3194465637
97.2060546875
40.0728912354
127.146690369
17.6805534363
67.2060546875
10.072889328
97.1466903687
47.6805534363
37.2060546875
19.927110672
67.1466903687
77.680557251
7.2060546875
49.9271087646
37.1466903687
107.680557251
22.7939453125
79.9271087646
7.14669036865
69.1932754517
69.4724578857
39.1932754517
39.4724617004
9.19327354431
20.8067264557
20.5275402069
50.8067245483
50.5275382996
80.8067245483
6.25384521484
4.21569824219
36.2538452148
34.2156982422
66.2538452148
64.2156982422
96.2538452148
94.2156982422
126.253845215
124.215698242
156.253845215
154.215698242
4.38452148438
25.6154785156
55.6154785156
85.6154785156
115.615478516
145.615478516
93.1527023315
63.1527023315
33.1527023315
3.15270423889
26.8472957611
56.8472976685
58.0388221741
28.0388221741
31.9611778259
61.9611778259
53.3333396912
36.6666603088
51.4676513672
21.4676532745
8.53234672546
38.5323486328
68.5323486328
98.5323486328
133.069320679
103.069320679
73.0693206787
43.0693206787
13.0693206787
16.9306793213
84.3399047852
54.3399085999
24.3399085999
5.66009140015
35.6600914001
65.6600952148
87.0433502197
57.0433540344
27.0433540344
2.95664691925
32.9566459656
62.9566459656
126.393493652
36.393497467
35.2900848389
54.7099151611
126.666656494
96.6666564941
66.6666564941
36.6666564941
6.66665649414
23.3333435059
9.61068725586
39.6106872559
69.6106872559
99.6106872559
129.610687256
159.610687256
98.5323486328
68.5323486328
38.5323486328
8.53234672546
21.4676532745
51.4676513672
14.1676177979
15.34324646
15.7627182007
15.8323822021
14.65675354
14.2372817993
45.8323822021
44.65675354
44.2372817993
75.8323822021
74.65675354
74.2372817993
105.832382202
104.65675354
104.237281799
135.832382202
134.65675354
134.23727417
1.36890411377
31.3689041138
61.3689041138
91.3689041138
121.368904114
151.368896484
99.9627914429
98.3177032471
69.9627914429
68.3177032471
39.9627914429
38.3177070618
9.96279144287
8.31770706177
20.0372085571
21.6822929382
50.0372085571
51.6822929382
90.6493988037
60.6493988037
30.6493988037
0.649399757385
29.3506011963
59.3506011963
11.1859283447
41.1859283447
71.1859283447
101.185928345
131.185928345
161.185928345
38.4180526733
68.4180526733
128.418060303
158.418060303
15.0
75.0
86.8515319824
81.3177032471
91.3722457886
61.3722457886
31.3722457886
3.14846515656
8.68229484558
1.37224578857
28.6277542114
58.6277542114
81.1155014038
51.1155052185
21.1155033112
8.88449668884
38.8844947815
68.8844985962
81.8427734375
51.8427734375
8.1572265625
38.1572265625
8.92754364014
38.9275436401
68.9275436401
98.9275436401
128.92755127
158.92755127
0.963752746582
30.9637527466
60.9637527466
90.9637527466
120.963752747
150.963745117
0.673583984375
30.6735839844
60.6735839844
90.6735839844
120.673583984
150.673583984
99.0755004883
69.0755004883
39.0754966736
9.07549667358
20.9245033264
50.9245033264
1.22019195557
28.7798080444
58.7798080444
88.7798080444
118.779808044
148.779815674
14.8988990784
15.1011009216
45.1011009216
75.1011047363
105.101104736
135.101104736
93.4349517822
63.4349479675
33.4349479675
3.43494796753
26.5650520325
56.5650520325
8.96248817444
98.9624862671
76.974937439
46.9749336243
16.9749336243
13.0250663757
43.0250663757
73.025062561
92.8188858032
62.8188858032
32.8188858032
2.81888771057
27.1811122894
57.1811141968
145.615478516
115.615478516
85.6154785156
55.6154785156
25.6154785156
4.38452148438
157.157669067
127.157669067
97.1576690674
67.1576690674
37.1576690674
7.15766906738
52.4149398804
52.6291351318
22.4149417877
22.6291370392
7.58505821228
7.37086296082
37.5850601196
37.3708648682
67.5850601196
67.3708648682
97.5850601196
97.3708648682
163.120666504
133.120666504
103.120658875
73.1206588745
43.1206588745
13.1206588745
94.6951522827
4.69515228271
160.48600769
130.48600769
100.48600769
70.4860076904
40.4860076904
10.4860076904
82.5238189697
52.5238189697
22.5238208771
7.47617959976
37.4761810303
67.4761810303
90.1540679932
60.1540679932
30.1540679932
0.154067993164
29.8459320068
59.8459320068
63.3106307983
33.3106307983
3.31063175201
26.6893692017
56.6893692017
86.6893692017
65.5376739502
35.5376777649
5.53767776489
24.4623222351
54.4623222351
84.4623260498
84.0902786255
54.0902748108
24.0902748108
5.90972423553
35.9097251892
65.9097213745
161.423675537
101.423667908
71.4236679077
11.4236679077
6.70285797119
36.7028579712
66.7028579712
96.7028579712
126.702857971
156.702850342
4.77782440186
34.7778244019
64.7778244019
94.7778244019
124.777824402
154.777832031
49.358997345
19.358997345
40.641002655
70.6410064697
87.5288085938
57.5288085938
27.5288085938
2.47119235992
32.4711914062
62.4711914062
94.025604248
64.025604248
34.025604248
4.0256061554
25.9743938446
55.974395752
143.962493896
113.962493896
83.9624938965
53.9624938965
23.9624938965
6.03750610352
30.5787277222
0.578727722168
29.4212722778
59.4212722778
89.4212722778
119.421272278
65.9711227417
35.9711227417
5.9711227417
24.0288772583
54.0288772583
84.0288772583
73.8982925415
43.8982925415
13.8982934952
16.1017055511
46.1017074585
76.1017074585
155.217590332
154.177001953
125.217590332
124.176994324
95.217590332
94.1769943237
65.217590332
64.1769943237
35.217590332
34.1769943237
5.21759033203
4.17699432373
70.3466491699
19.6533508301
53.8059463501
23.8059444427
6.19405555725
36.1940536499
66.1940536499
96.1940536499
41.6114883423
11.6114883423
18.3885116577
23.4801979065
48.3885116577
78.3885116577
108.388511658
113.480194092
137.102722168
107.102722168
77.102722168
47.1027259827
17.1027259827
12.8972740173
6.80141448975
23.1985855103
53.1985855103
83.1985855103
113.19858551
143.198577881
55.4769897461
25.4769897461
4.52301025391
34.5230102539
64.5230102539
94.5230102539
13.044839859
76.9551620483
1.70540618896
31.705406189
61.705406189
91.705406189
121.705406189
151.705413818
106.60697937
16.6069793701
69.4006576538
39.4006614685
9.40066051483
20.5993385315
50.5993385315
80.5993423462
161.423675537
131.423675537
71.4236679077
41.4236679077
11.3477783203
41.3477783203
71.3477783203
101.34777832
131.34777832
161.34777832
56.2001190186
26.2001171112
33.7998809814
63.7998809814
80.5721969604
50.5721969604
20.5721969604
9.42780303955
39.4278030396
69.4278030396
10.0168914795
19.9831085205
49.9831085205
79.9831085205
109.983108521
139.983108521
8.23382568359
38.2338256836
68.2338256836
98.2338256836
128.233825684
158.233825684
148.113220215
118.113212585
88.1132125854
58.1132125854
28.1132125854
1.88678741455
135.124008179
105.124008179
75.1240081787
45.124004364
15.124004364
14.875995636
125.079605103
95.0796051025
65.0796051025
35.0796089172
5.07960891724
24.9203910828
9.8335647583
39.8335647583
99.8335647583
129.833557129
31.8881912231
1.88819122314
28.1118087769
58.1118087769
88.1118087769
118.111808777
12.4744338989
17.5255661011
47.5255661011
77.5255661011
107.525566101
137.52557373
13.619644165
50.7387084961
20.7387084961
73.619644165
9.26129150391
103.619644165
39.2612915039
69.2612915039
163.619644165
99.2612915039
12.4057617188
17.5942382812
47.5942382812
77.5942382812
107.594238281
137.594238281
151.325775146
71.0857620239
122.480293274
121.325775146
41.0857658386
92.4802932739
91.3257751465
11.0857639313
62.4802932739
61.3257751465
18.9142360687
32.4802932739
31.3257751465
48.9142341614
2.48029327393
1.32577514648
78.9142379761
27.5197067261
71.1859283447
41.18592453
18.81407547
48.81407547
73.7578430176
43.7578468323
13.7578468323
16.2421531677
46.2421531677
76.2421569824
75.0
72.7114028931
45.0
15.0
12.711400032
15.0
17.2886009216
45.0
75.0
77.2885971069
147.979476929
117.979476929
87.9794769287
57.9794769287
27.9794769287
2.02052307129
145.28163147
115.28163147
85.2816314697
55.2816314697
25.2816314697
4.71836853027
56.5650520325
50.0952339172
26.5650520325
20.0952339172
9.90476608276
33.4349479675
39.9047660828
63.4349479675
69.9047698975
99.9047698975
57.377281189
27.3772830963
32.622718811
62.622718811
73.5721969604
13.5721960068
16.4278049469
76.4278030396
150.26423645
120.26423645
90.2642364502
60.2642364502
30.2642364502
0.264236450195
150.712585449
120.712593079
90.7125930786
60.7125930786
30.7125930786
0.712593078613
34.5085220337
55.4914779663
64.6951522827
4.69515419006
25.3048458099
85.3048477173
1.18497467041
31.1849746704
61.1849746704
91.1849746704
121.18497467
151.184967041
7.38013458252
22.6198654175
52.6198654175
82.6198654175
112.619865417
142.619873047
92.5755004883
2.57550048828
119.506454468
126.236366272
96.236366272
59.5064582825
66.236366272
29.5064582825
36.236366272
6.23636627197
30.4935417175
23.763633728
56.9441757202
26.9441776276
33.0558242798
63.0558242798
10.90650177
19.09349823
49.09349823
79.09349823
109.09349823
139.093505859
123.012786865
119.215171814
89.215171814
59.215171814
33.0127906799
29.215171814
0.784828186035
30.784828186
121.432098389
91.4320983887
61.4321022034
31.4321022034
1.43210220337
28.5678977966
11.8201751709
71.8201751709
101.820175171
161.820175171
58.6553573608
28.6553554535
31.3446445465
61.3446426392
42.4649353027
59.267993927
29.267993927
0.732005119324
47.5350646973
30.732006073
60.732006073
90.7320022583
24.2058868408
5.79411315918
65.7941131592
95.7941131592
1.38953399658
28.6104660034
58.6104660034
88.6104660034
118.610466003
148.610473633
4.50852203369
34.5085220337
64.5085220337
94.5085220337
124.508522034
154.508514404
117.599784851
87.5997848511
57.5997848511
27.5997848511
2.40021514893
32.4002151489
66.0273742676
36.0273742676
23.9726257324
53.9726257324
76.5074386597
46.507434845
16.507434845
13.4925642014
43.492565155
73.4925613403
133.392501831
129.782409668
99.5901184082
103.392501831
99.782409668
69.5901184082
73.3925018311
69.782409668
39.5901184082
43.3925018311
39.782409668
9.59011650085
13.3925018311
9.78240966797
20.4098834991
16.6074981689
20.217590332
50.4098815918
72.5444335938
42.5444335938
12.5444355011
17.4555644989
47.4555664062
77.4555664062
116.423660278
128.130096436
41.7456359863
86.4236602783
98.1301040649
11.7456359863
47.0454101562
34.1435852051
56.423664093
68.1301040649
64.1435852051
26.423664093
38.1301040649
48.2543640137
3.57633590698
8.13010406494
78.2543640137
42.9545898438
124.143585205
33.576335907
21.8698959351
154.143585205
147.103866577
117.103866577
87.1038665771
57.1038665771
27.1038665771
2.89613342285
11.6335372925
41.6335372925
71.6335372925
101.633537292
131.633544922
161.633544922
128.695510864
98.6955108643
68.6955108643
38.6955070496
8.69550704956
21.3044929504
33.81407547
3.81407546997
26.18592453
56.18592453
86.1859283447
116.185928345
37.0012664795
7.00126647949
22.9987335205
52.9987335205
82.9987335205
112.998733521
42.7575340271
12.7575340271
17.2424659729
47.2424659729
77.2424621582
107.242462158
148.439453125
118.439453125
58.439453125
28.439453125
145.624298096
115.624290466
85.6242904663
55.6242904663
25.6242904663
4.37570953369
22.9542274475
7.04577255249
37.0457725525
67.0457763672
97.0457763672
127.045776367
21.5524673462
8.44753265381
38.4475326538
68.4475326538
98.4475326538
128.447540283
120.603088379
90.6030883789
60.6030883789
30.6030883789
0.603088378906
29.3969116211
85.0975036621
55.0975036621
25.0975036621
4.90249538422
34.9024963379
64.9024963379
52.5946426392
22.5946426392
37.4053573608
67.4053573608
55.866355896
25.866355896
4.133644104
34.133644104
64.133644104
94.133644104
61.1849746704
31.1849746704
1.18497562408
28.8150253296
58.8150253296
88.8150253296
123.012786865
93.0127868652
63.0127906799
33.0127906799
3.01279067993
26.9872093201
149.755615234
89.7556152344
59.7556152344
0.244384765625
123.756011963
33.7560119629
60.725818634
30.725818634
0.725817680359
29.274181366
59.274181366
89.2741851807
1.16866111755
91.1686630249
100.16708374
10.1670837402
122.337310791
92.337310791
62.337310791
32.337310791
2.33731079102
27.662689209
82.3264083862
52.3264083862
22.3264064789
7.67359352112
37.6735916138
67.6735916138
72.6467056274
42.6467018127
12.6467037201
17.3532962799
47.3532981873
77.3532943726
32.9609375
2.9609375
27.0390625
57.0390625
87.0390625
117.0390625
1.24536514282
91.2453613281
92.2160720825
62.2160720825
32.2160720825
2.21607398987
27.7839260101
57.7839279175
105.510238647
75.5102386475
32.9279174805
45.5102386475
15.5102367401
14.4897632599
57.0720825195
44.4897613525
118.499923706
118.216278076
88.4999237061
88.2162780762
58.4999275208
58.2162780762
28.4999275208
28.2162780762
1.50007247925
1.78372192383
31.5000724792
31.7837219238
86.6740722656
81.950340271
56.6740760803
51.9503440857
26.6740760803
21.9503421783
3.32592391968
8.04965782166
33.3259239197
38.0496559143
63.3259239197
68.049659729
38.0757904053
51.9242095947
118.602813721
88.6028137207
58.6028175354
28.6028175354
1.3971824646
31.3971824646
4.79602050781
34.7960205078
64.7960205078
94.7960205078
124.796020508
154.796020508
6.46923065186
36.4692306519
66.4692306519
96.4692306519
126.469230652
156.469238281
7.92362213135
37.9236221313
67.9236221313
97.9236221313
127.923622131
157.923614502
93.174118042
63.174118042
33.174118042
3.17411804199
26.825881958
56.825881958
0.579223632812
30.5792236328
60.5792236328
90.5792236328
120.579223633
150.579223633
68.8844985962
38.8844947815
8.88449668884
21.1155033112
51.1155052185
81.1155014038
47.6501235962
17.6501255035
12.3498744965
42.3498764038
72.3498764038
102.349876404
57.953868866
70.8053970337
27.953868866
40.8053970337
2.04613113403
10.8053951263
32.046131134
19.1946048737
62.046131134
49.1946029663
92.0461273193
79.1946029663
40.7960243225
49.2039756775
13.6980514526
43.6980514526
73.6980514526
103.698051453
133.698059082
163.698059082
51.4252929688
21.4252948761
8.5747051239
38.5747070312
68.5747070312
98.5747070312
34.4846076965
55.5153923035
13.9676589966
16.0323410034
46.0323410034
76.0323410034
106.032341003
136.032348633
67.6476211548
37.6476211548
7.64762115479
22.3523788452
52.3523788452
82.3523788452
88.8150253296
58.8150253296
28.8150253296
1.18497562408
31.1849746704
61.1849746704
83.8579559326
53.8579597473
23.8579597473
6.14204120636
36.1420402527
66.1420440674
67.785736084
37.785736084
22.2142620087
52.214263916
95.224861145
65.224861145
35.224861145
5.22485923767
24.7751407623
54.775138855
75.0
45.0
15.0
15.0
45.0
75.0
33.4832763672
3.48327636719
26.5167236328
56.5167236328
86.5167236328
116.516723633
21.3258476257
46.3037757874
8.67415237427
16.3037757874
38.6741523743
13.6962242126
68.6741485596
43.6962242126
98.6741485596
73.6962280273
128.67414856
103.696228027
28.6251602173
1.37483978271
31.3748397827
61.3748397827
91.3748397827
121.374839783
63.6900672913
33.6900672913
3.69006729126
26.3099327087
56.3099327087
86.3099365234
35.0958175659
54.9041824341
29.4929656982
118.423446655
11.1345367432
0.507034301758
88.4234466553
41.1345367432
30.5070343018
58.4234466553
71.1345367432
60.5070343018
28.4234466553
101.134536743
90.5070343018
1.57655334473
131.134536743
120.507034302
31.5765533447
161.134536743
32.5917854309
2.59178543091
27.4082145691
57.4082145691
87.4082183838
117.408218384
25.2714004517
37.7777061462
36.4287796021
35.1797523499
4.72859954834
7.77770614624
6.42877960205
5.17975234985
22.2222938538
23.5712203979
24.8202476501
64.7285995483
52.2222938538
53.5712203979
54.8202476501
94.7285995483
82.2222900391
83.5712203979
84.8202514648
112.222290039
113.571220398
114.820251465
66.740562439
9.27444458008
148.909179688
51.9486999512
93.1380767822
147.181106567
36.740562439
20.7255554199
118.909187317
21.9486980438
63.1380805969
117.181106567
6.74056243896
50.7255554199
88.9091873169
8.05130195618
33.1380805969
87.1811065674
23.259437561
80.7255554199
58.9091873169
38.0513000488
3.13808059692
57.1811065674
53.259437561
110.72555542
28.9091873169
68.0513000488
26.8619194031
27.1811065674
83.259437561
140.72555542
1.09081268311
98.0513000488
56.8619194031
2.81889343262
123.583099365
25.5506973267
93.5830993652
4.44930267334
63.5831031799
34.4493026733
33.5831031799
64.4493026733
3.58310317993
94.4493026733
26.4168968201
124.449302673
118.363418579
88.3634185791
58.3634223938
28.3634223938
1.6365776062
31.6365776062
89.1696777344
59.1696815491
0.830318450928
30.8303184509
48.4349517822
43.3245353699
18.4349517822
13.3245353699
11.5650482178
16.6754646301
41.5650482178
46.6754646301
71.5650482178
76.6754608154
101.565048218
106.675460815
18.0706787109
11.9293212891
41.9293212891
71.9293212891
101.929321289
131.929321289
10.0975036621
100.097503662
1.50436401367
28.4956359863
58.4956359863
88.4956359863
118.495635986
148.495635986
126.952957153
155.690063477
96.9529571533
125.690063477
66.9529571533
36.9529571533
65.6900634766
6.95295715332
35.6900634766
23.0470428467
0.94539642334
89.0546035767
69.6106872559
159.610687256
42.3553619385
47.6446380615
153.906280518
161.05480957
123.906272888
93.9062728882
63.9062728882
71.0548171997
33.9062728882
3.90627288818
22.4385757446
7.56142425537
37.5614242554
67.5614242554
97.5614242554
127.561424255
40.7303352356
10.7303352356
19.2696647644
49.2696647644
79.2696685791
109.269668579
44.5889205933
14.5889205933
15.4110794067
45.4110794067
75.4110794067
105.411079407
93.7117385864
63.7117385864
33.7117385864
3.71173858643
26.2882614136
56.2882614136
7.08248901367
22.9175109863
52.9175109863
82.9175109863
112.917510986
142.917510986
152.185577393
122.185577393
92.1855773926
62.1855773926
32.1855773926
2.18557739258
26.18592453
10.7108459473
3.81407546997
40.7108459473
33.81407547
70.7108459473
63.81407547
100.710845947
93.8140716553
130.710845947
123.814071655
160.710845947
14.0193252563
75.9806747437
21.25050354
51.25050354
111.25050354
141.25050354
10.5138702393
19.4861297607
49.4861297607
79.4861297607
109.486129761
139.486129761
8.49856567383
21.5014343262
51.5014343262
81.5014343262
111.501434326
141.501434326
81.0090026855
51.0090065002
21.0090065002
8.99099349976
38.9909934998
68.9909973145
7.31686401367
37.3168640137
67.3168640137
97.3168640137
127.316864014
157.316864014
1.53479766846
91.5347976685
75.0
45.0
15.0
15.0
45.0
75.0
12.0505943298
17.9494056702
47.9494056702
77.9494018555
107.949401855
137.949401855
80.5275421143
50.5275382996
20.5275402069
9.47245979309
39.4724617004
69.4724578857
83.2971420288
87.8042678833
76.1457595825
53.2971458435
57.8042640686
46.1457633972
23.2971458435
27.8042640686
16.1457633972
6.70285511017
2.19573497772
13.8542375565
36.7028541565
32.1957359314
43.8542366028
66.7028579712
62.1957359314
73.8542404175
64.1790084839
34.1790084839
25.8209915161
55.8209915161
165.0
135.0
105.0
75.0
45.0
15.0
8.58120727539
68.5812072754
98.5812072754
158.581207275
55.6410064697
143.629379272
25.6410064697
113.629379272
34.3589935303
53.6293792725
64.3589935303
23.6293792725
12.1714630127
77.8285369873
162.337005615
132.337005615
102.336997986
72.3369979858
42.3369979858
12.3369979858
148.379241943
141.412963867
118.379241943
111.412971497
88.3792419434
81.4129714966
58.3792419434
51.4129714966
28.3792419434
21.4129714966
1.62075805664
8.58702850342
155.293334961
125.29334259
95.2933425903
65.2933425903
35.2933425903
5.29334259033
111.591087341
81.5910873413
51.5910873413
21.5910873413
8.40891265869
38.4089126587
162.484222412
132.484222412
102.484230042
72.4842300415
42.4842300415
12.4842300415
53.600189209
23.600189209
6.39981079102
36.399810791
66.399810791
96.399810791
156.607086182
165.0
148.779815674
126.607078552
135.0
118.779808044
96.6070785522
105.0
88.7798080444
66.6070785522
75.0
58.7798080444
36.6070785522
45.0
28.7798080444
6.60707855225
15.0
1.22019195557
7.98948669434
67.9894866943
97.9894866943
157.989486694
56.5650520325
26.5650520325
3.43494796753
33.4349479675
63.4349479675
93.4349517822
109.311859131
79.3118591309
19.3118591309
10.6881408691
57.0425758362
32.9574241638
76.5074386597
46.507434845
16.507434845
13.4925642014
43.492565155
73.4925613403
11.2822189331
18.7177810669
48.7177810669
78.7177810669
108.717781067
138.717773438
10.4077148438
49.5922851562
79.5922851562
139.592285156
70.7636032104
40.7636032104
10.7636051178
19.2363948822
49.2363967896
79.2363967896
72.8389205933
42.8389205933
12.8389205933
17.1610794067
47.1610794067
77.1610794067
70.7321090698
40.7321052551
10.7321071625
19.2678928375
49.2678947449
79.2678909302
7.44274902344
22.5572509766
52.5572509766
82.5572509766
112.557250977
142.557250977
33.9004936218
26.0995063782
56.0995063782
116.099502563
148.655212402
118.655212402
88.6552124023
58.6552124023
28.6552124023
1.34478759766
153.810302734
123.810310364
93.8103103638
63.8103103638
33.8103103638
3.81031036377
92.1104736328
62.1104736328
32.1104736328
2.11047363281
27.8895263672
57.8895263672
139.093505859
109.09349823
79.09349823
49.09349823
19.09349823
10.90650177
44.8862686157
48.8860855103
14.8862686157
18.8860874176
15.1137313843
11.1139125824
45.1137313843
41.1139144897
75.1137313843
71.1139144897
105.113731384
101.11391449
11.9059448242
41.9059448242
71.9059448242
101.905944824
131.905944824
161.905944824
134.172332764
115.601287842
85.6012878418
55.6012916565
44.1723365784
25.6012916565
4.39870834351
34.3987083435
56.738571167
26.738571167
33.261428833
63.261428833
81.7098388672
8.29016304016
116.099502563
75.0
11.6335372925
86.0995025635
45.0
41.6335372925
56.0995063782
15.0
71.6335372925
26.0995063782
15.0
101.633537292
3.90049362183
45.0
131.633544922
33.9004936218
75.0
161.633544922
66.4692382812
6.46923446655
23.5307655334
83.5307617188
88.626991272
83.8579559326
58.6269950867
53.8579597473
28.6269950867
23.8579597473
1.373005867
6.14204120636
31.3730049133
36.1420402527
61.3730049133
66.1420440674
9.55966186523
39.5596618652
69.5596618652
99.5596618652
129.559661865
159.559661865
13.3153076172
43.3153076172
73.3153076172
103.315307617
133.315307617
163.315307617
121.888191223
31.8881912231
117.207290649
87.2072906494
57.2072944641
27.2072944641
2.79270553589
32.7927055359
123.012786865
93.0127868652
63.0127906799
33.0127906799
3.01279067993
26.9872093201
20.7381591797
9.26184082031
39.2618408203
69.2618408203
99.2618408203
129.26184082
139.955108643
109.955108643
79.9551086426
49.9551086426
19.9551086426
10.0448913574
20.5130386353
9.48696136475
39.4869613647
69.4869613647
99.4869613647
129.486968994
30.6296005249
0.629600524902
29.3703994751
59.3703994751
89.3703994751
119.370399475
9.53772735596
20.462272644
50.462272644
80.462272644
110.462272644
140.462280273
6.46923065186
36.4692306519
66.4692306519
96.4692306519
126.469230652
156.469238281
4.79602050781
125.63067627
34.7960205078
95.6306762695
64.7960205078
65.6306762695
94.7960205078
35.6306800842
124.796020508
5.63068008423
154.796020508
24.3693199158
9.7024307251
20.2975692749
50.2975692749
80.2975692749
110.297569275
140.297576904
55.1539955139
25.1539955139
34.8460044861
64.8460083008
93.8140716553
3.81407546997
127.386047363
97.3860473633
67.3860473633
37.3860435486
7.38604354858
22.6139564514
116.325500488
86.3255004883
56.3255004883
26.3255004883
3.67449951172
33.6744995117
1.92751312256
141.80140686
28.0724868774
111.80140686
58.0724868774
81.8014068604
88.0724868774
51.8014068604
118.072486877
21.8014068604
148.072479248
8.19859313965
110.727401733
143.749481201
80.7274017334
113.749488831
83.7494888306
20.7273979187
53.7494888306
9.2726020813
23.7494888306
6.25051116943
35.3947944641
5.39479541779
54.6052055359
84.6052017212
10.2777175903
79.7222824097
72.0390625
42.0390625
12.0390644073
17.9609355927
47.9609375
77.9609375
160.030944824
141.714172363
130.030944824
111.714164734
100.030952454
81.7141647339
70.0309524536
51.7141647339
40.0309524536
21.7141647339
10.0309524536
8.28583526611
10.1593017578
79.8406982422
96.2092285156
15.9637527466
66.2092285156
14.0362472534
36.2092285156
44.0362472534
6.20922660828
74.0362472534
23.7907733917
104.036247253
53.7907714844
134.036254883
43.4742012024
46.5257987976
133.761764526
16.5448112488
100.426872253
13.4551887512
70.4268722534
73.7617645264
43.4551887512
40.4268722534
43.7617607117
73.4551849365
10.4268741608
103.455184937
19.5731258392
16.2382392883
133.455184937
49.5731277466
159.763671875
129.763671875
99.7636642456
69.7636642456
39.7636642456
9.76366424561
3.69007110596
33.690071106
63.690071106
93.690071106
123.690071106
153.690063477
163.058502197
133.058502197
103.058509827
73.0585098267
43.0585098267
13.0585098267
86.6893692017
56.6893692017
26.6893692017
3.31063175201
33.3106307983
63.3106307983
86.1291885376
56.1291885376
26.1291885376
3.87081050873
33.8708114624
63.8708114624
78.3664627075
48.3664588928
18.3664608002
11.6335391998
41.6335411072
71.6335372925
140.556045532
110.556045532
50.5560455322
20.5560455322
143.070404053
113.070411682
83.0704116821
53.0704116821
23.0704116821
6.92958831787
149.176849365
119.176856995
89.1768569946
59.1768569946
29.1768569946
0.823143005371
77.2338943481
92.7643814087
12.7661056519
2.76438140869
37.8152961731
27.9174346924
7.8152961731
2.08256530762
22.1847038269
32.0825653076
52.1847038269
62.0825653076
82.1847076416
92.0825653076
112.184707642
122.082565308
4.04593658447
34.0459365845
64.0459365845
94.0459365845
124.045936584
154.045928955
4.84573364258
34.8457336426
64.8457336426
94.8457336426
124.845733643
154.845733643
91.0599822998
61.0599861145
31.0599861145
1.0599861145
28.9400138855
58.9400138855
56.1752929688
60.69972229
26.1752910614
3.8247089386
33.8247070312
29.30027771
63.8247070312
93.8247070312
162.478668213
132.478668213
102.478668213
72.4786682129
42.4786682129
12.4786682129
72.7093887329
42.7093887329
12.7093906403
17.2906093597
47.2906112671
77.2906112671
2.1957321167
32.1957321167
92.1957321167
122.195732117
3.06047821045
26.9395217896
56.9395217896
86.9395217896
116.93952179
146.93951416
41.9761352539
11.9761352539
48.0238647461
78.0238647461
22.2175960541
67.7824020386
159.053131104
129.053131104
99.0531387329
69.0531387329
39.0531387329
9.05313873291
138.434951782
108.434951782
78.4349517822
48.4349517822
18.4349517822
11.5650482178
90.5070343018
0.507034301758
127.346725464
37.3467254639
15.5524139404
14.4475860596
44.4475860596
74.4475860596
104.44758606
134.44758606
5.18580627441
24.8141937256
54.8141937256
84.8141937256
114.814193726
144.814193726
6.72300720215
36.7230072021
66.7230072021
96.7230072021
126.723007202
156.723007202
150.256439209
120.25643158
90.2564315796
60.2564315796
30.2564315796
0.25643157959
57.0425758362
27.0425758362
32.9574241638
62.9574241638
91.4201126099
1.42011260986
14.4274520874
15.5725479126
45.5725479126
75.5725479126
105.572547913
135.572540283
15.0
35.0958175659
45.0
65.0958175659
75.0
105.0
125.095817566
135.0
155.095825195
165.0
43.7069625854
133.706970215
36.599193573
53.400806427
9.19327545166
39.1932754517
69.1932754517
99.1932754517
129.193267822
159.193267822
7.278175354
37.278175354
67.278175354
97.278175354
127.278175354
157.278167725
11.0161437988
18.9838562012
48.9838562012
78.9838562012
108.983856201
138.983856201
150.834747314
48.2468948364
120.834754944
18.2468929291
90.8347549438
11.7531070709
60.8347549438
41.7531051636
30.8347549438
71.7531051636
0.834754943848
101.753105164
159.626434326
129.626434326
99.6264266968
69.6264266968
39.6264266968
9.62642669678
139.155609131
109.155609131
79.1556091309
49.1556091309
19.1556091309
10.8443908691
123.794578552
33.7945785522
112.587615967
82.5876159668
52.5876197815
22.5876197815
7.41238021851
37.4123802185
95.1305160522
100.634025574
65.1305160522
70.6340255737
35.1305160522
40.6340255737
5.13051605225
10.6340236664
24.8694839478
19.3659763336
54.8694839478
49.3659744263
58.2195892334
31.7804107666
155.417053223
95.4170532227
65.4170532227
5.41705322266
152.855728149
122.855728149
62.8557281494
32.8557281494
8.57125091553
38.5712509155
68.5712509155
98.5712509155
128.571258545
158.571258545
5.19390106201
65.193901062
95.193901062
155.193908691
97.8533172607
67.8533172607
7.85331344604
22.146686554
71.0995025635
41.0995063782
11.0995063782
18.9004936218
48.9004936218
78.9004974365
70.985824585
40.985824585
10.985824585
19.014175415
49.014175415
79.014175415
162.754241943
12.1375961304
132.754241943
42.1375961304
102.754249573
72.1375961304
72.7542495728
102.13759613
42.7542495728
132.13760376
12.7542495728
162.13760376
161.478546143
131.478546143
101.478546143
71.4785461426
41.4785461426
11.4785461426
95.6175842285
65.6175842285
5.61758041382
24.3824195862
62.1027297974
32.1027297974
27.89727211
57.8972702026
61.7826461792
31.7826442719
28.2173557281
58.2173538208
97.5685882568
7.56858825684
8.41805267334
79.3987045288
38.4180526733
49.3987045288
68.4180526733
19.3987045288
98.4180526733
10.6012954712
128.418060303
40.6012954712
158.418060303
70.6012954712
87.1375961304
2.86240386963
43.4652099609
13.4652099609
16.5347900391
46.5347900391
76.5347900391
106.534790039
124.635467529
94.6354675293
64.6354675293
34.6354637146
4.6354637146
25.3645362854
143.629379272
113.629379272
83.6293792725
53.6293792725
23.6293792725
6.37062072754
114.936386108
84.9363861084
54.9363822937
24.9363822937
5.0636177063
35.0636177063
163.806518555
71.0090866089
133.806518555
101.309936523
103.806510925
71.3099365234
73.8065109253
18.9909133911
43.8065109253
11.3099327087
13.8065109253
18.6900672913
36.4420852661
6.44208526611
23.5579147339
53.5579147339
83.5579147339
113.557914734
57.58203125
27.5820293427
2.41797065735
32.41796875
62.41796875
92.41796875
87.5045089722
17.5549430847
57.5045089722
12.4450569153
27.5045108795
42.4450569153
2.49548912048
72.4450531006
32.4954910278
102.445053101
62.4954910278
132.445053101
18.8794975281
35.9945983887
11.1205024719
5.99459838867
41.1205024719
24.0054016113
71.1204986572
54.0054016113
101.120498657
84.0054016113
131.120498657
114.005401611
154.215698242
124.215698242
94.2156982422
64.2156982422
34.2156982422
4.21569824219
135.689987183
105.689987183
75.6899871826
45.6899909973
15.6899909973
14.3100090027
137.741699219
107.741691589
77.7416915894
47.7416915894
17.7416915894
12.2583084106
24.2894058228
5.71059417725
35.7105941772
65.7105941772
95.7105941772
125.710594177
33.4682312012
3.46823120117
26.5317687988
56.5317687988
86.5317687988
116.531768799
63.5034370422
33.5034370422
3.50343799591
26.4965629578
56.4965629578
86.4965591431
158.659805298
128.659805298
98.6598052979
68.6598052979
38.6598052979
8.65980529785
135.101104736
105.101104736
75.1011047363
45.1011009216
15.1011009216
14.8988990784
38.4655456543
8.46554374695
51.5344543457
81.5344543457
65.2271728516
35.2271766663
5.22717666626
24.7728233337
54.7728233337
84.7728271484
0.963752746582
30.9637527466
60.9637527466
90.9637527466
120.963752747
150.963745117
6.1247177124
23.8752822876
53.8752822876
83.8752822876
113.875282288
143.875274658
150.499816895
149.577835083
120.499824524
119.577835083
90.4998245239
89.577835083
60.4998245239
59.577835083
30.4998245239
29.577835083
0.499824523926
0.422164916992
118.264297485
28.2642936707
130.750976562
100.750968933
70.7509689331
40.7509689331
10.7509689331
19.2490310669
39.4623222351
9.46232223511
20.5376777649
50.5376777649
80.5376739502
110.53767395
79.9271087646
49.9271087646
19.927110672
10.072889328
40.0728912354
70.0728912354
157.874984741
127.874984741
97.8749847412
67.8749847412
37.8749847412
7.87498474121
154.177001953
124.176994324
94.1769943237
64.1769943237
34.1769943237
4.17699432373
69.8978347778
39.8978347778
9.89783477783
20.1021652222
50.1021652222
80.1021652222
96.0375061035
66.0375061035
36.0375099182
6.03750991821
23.9624900818
53.9624900818
94.0577011108
95.5560455322
64.0577011108
65.5560455322
34.0577011108
35.5560455322
4.05770301819
5.55604553223
25.9422969818
24.4439544678
55.9422988892
54.4439544678
85.9806518555
4.01935005188
77.2025985718
17.2025985718
12.7974014282
72.7974014282
72.8252563477
12.8252563477
17.1747436523
77.1747436523
154.695159912
124.695152283
94.6951522827
64.6951522827
34.6951522827
4.69515228271
156.869903564
126.869895935
96.8698959351
66.8698959351
36.8698959351
6.86989593506
82.2531967163
52.2531967163
22.253194809
7.74680519104
37.7468032837
67.7468032837
138.058990479
108.058998108
78.0589981079
48.0589981079
18.0589981079
11.9410018921
94.2900466919
96.0375061035
64.2900466919
34.2900466919
4.29004478455
6.03750991821
25.7099552155
55.7099533081
83.5836181641
53.5836219788
23.5836219788
6.41637897491
36.4163780212
66.4163818359
80.1021652222
50.1021652222
20.1021652222
9.89783477783
39.8978347778
69.8978347778
79.2053604126
49.2053565979
19.2053565979
10.7946434021
40.7946434021
70.7946395874
25.0168914795
55.0168914795
115.016891479
145.016891479
4.69515419006
85.3048477173
0.350135803223
90.3501358032
64.6951522827
34.6951522827
4.69515419006
25.3048458099
55.3048477173
85.3048477173
136.750259399
46.7502593994
127.633331299
97.6333312988
67.6333312988
37.6333312988
7.63333129883
22.3666687012
87.0037307739
83.6357879639
79.766418457
88.0918884277
57.0037307739
53.6357879639
49.7664146423
58.0918922424
27.0037307739
23.6357898712
19.7664165497
28.0918922424
2.99627017975
6.36421012878
10.2335834503
1.90810871124
32.9962692261
36.3642120361
40.2335853577
31.9081077576
62.9962692261
66.3642120361
70.233581543
61.9081077576
83.7729263306
53.7729225159
23.7729225159
6.22707653046
36.2270774841
66.2270736694
84.9128952026
54.9128952026
24.9128952026
5.08710575104
35.0871047974
65.0871047974
82.0470962524
7.95290088654
12.7093963623
42.7093963623
102.709396362
132.709396362
8.8844909668
38.8844909668
68.8844909668
98.8844909668
128.884490967
158.884490967
82.7651672363
78.7517318726
52.7651672363
48.7517280579
22.7651672363
18.7517280579
7.23483371735
11.2482709885
37.2348327637
41.2482719421
67.2348327637
71.2482681274
33.4682312012
3.46823120117
26.5317687988
56.5317687988
86.5317687988
116.531768799
74.0608062744
44.0608100891
14.0608091354
15.9391908646
45.9391899109
75.9391937256
75.9710235596
45.9710235596
14.0289783478
44.0289764404
65.5376739502
35.5376777649
5.53767776489
24.4623222351
54.4623222351
84.4623260498
66.4128341675
36.4128341675
6.41283226013
23.5871677399
53.5871658325
83.5871658325
78.3664627075
48.3664588928
18.3664608002
11.6335391998
41.6335411072
71.6335372925
35.1341934204
125.13419342
11.5299301147
41.5299301147
101.529930115
131.529937744
11.3761062622
41.3761062622
71.3761062622
101.376106262
131.376098633
161.376098633
144.943908691
114.943908691
84.9439086914
54.9439086914
24.9439086914
5.05609130859
33.1975631714
63.1975631714
123.197563171
153.197570801
6.64443969727
23.3555603027
53.3555603027
83.3555603027
113.355560303
143.355560303
81.3401947021
51.3401908875
21.3401908875
8.65980911255
38.6598091125
68.6598052979
59.8459320068
29.8459320068
0.154067993164
30.1540679932
60.1540679932
90.1540679932
154.441955566
124.441963196
64.4419631958
34.4419631958
46.5959396362
16.5959377289
13.4040622711
43.4040603638
73.4040603638
103.404060364
3.75173187256
86.2482681274
152.90524292
122.90524292
92.9052429199
62.9052429199
32.9052429199
2.90524291992
1.34957885742
31.3495788574
35.5376815796
61.3495788574
65.5376815796
91.3495788574
121.349578857
125.53768158
151.349578857
155.537689209
1.1485824585
31.1485824585
61.1485824585
91.1485824585
121.148582458
151.148590088
147.049835205
117.049827576
87.0498275757
57.0498275757
27.0498275757
2.95017242432
60.5095596313
30.5095596313
0.509560585022
29.4904403687
59.4904403687
89.4904403687
126.340194702
120.0
96.3401947021
90.0
66.3401947021
60.0
36.3401908875
30.0
6.34019088745
0.0
23.6598091125
30.0
105.586807251
75.586807251
45.5868034363
15.5868034363
14.4131965637
44.4131965637
79.014175415
49.014175415
19.014175415
10.985824585
40.985824585
70.985824585
80.4923248291
50.4923248291
20.4923248291
9.5076751709
39.5076751709
69.5076751709
6.29420471191
36.2942047119
66.2942047119
96.2942047119
126.294204712
156.294204712
66.3067474365
36.3067474365
6.30674743652
23.6932525635
53.6932525635
83.6932525635
62.0740013123
27.9259986877
93.4349517822
63.4349479675
33.4349479675
3.43494796753
26.5650520325
56.5650520325
77.8624038696
75.8184585571
47.8624038696
45.8184547424
17.862405777
15.8184556961
12.137594223
14.1815443039
42.1375961304
44.1815452576
72.1375961304
74.1815414429
49.9164047241
19.9164047241
10.0835952759
40.0835952759
70.0835952759
100.083595276
82.9434738159
52.9434738159
22.9434719086
7.05652809143
37.0565261841
67.0565261841
59.4000205994
29.4000205994
30.5999794006
60.5999794006
18.8961639404
11.1038360596
41.1038360596
71.1038360596
101.10383606
131.10383606
14.3960571289
15.6039428711
45.6039428711
75.6039428711
105.603942871
135.603942871
18.6900672913
71.3099365234
137.354034424
107.354026794
77.3540267944
47.3540267944
17.3540267944
12.6459732056
80.6865844727
50.6865844727
20.6865844727
9.31341552734
39.3134155273
69.3134155273
62.0813903809
65.3256988525
56.5548095703
58.9855194092
32.0813903809
35.3256988525
26.5548114777
28.9855194092
2.08139133453
5.32569885254
3.44518852234
1.01448059082
27.9186096191
24.6743011475
33.4451904297
31.0144805908
57.9186096191
54.6743011475
63.4451904297
61.0144805908
87.9186096191
84.6743011475
93.4451904297
91.0144805908
20.6476211548
9.35237884521
39.3523788452
69.3523788452
99.3523788452
129.352386475
43.6159172058
133.615921021
82.7651672363
52.7651672363
22.7651672363
7.23483371735
37.2348327637
67.2348327637
80.8773956299
50.8773918152
20.8773918152
9.12260818481
39.1226081848
69.1226043701
18.301864624
71.698135376
159.80557251
129.80557251
99.8055725098
69.8055725098
39.8055725098
9.80557250977
93.1113357544
3.11133575439
53.1985931396
145.709960938
55.5138702393
150.465545654
23.1985912323
115.709953308
25.5138702393
120.465545654
6.8014087677
85.7099533081
4.48612976074
90.4655456543
36.8014068604
55.7099533081
34.4861297607
60.4655456543
66.8014068604
25.7099533081
64.4861297607
30.4655456543
96.8014068604
4.29004669189
94.4861297607
0.465545654297
111.154815674
17.1151618958
81.1548156738
51.1548156738
21.1548156738
72.8848419189
8.84518432617
38.8451843262
78.9004974365
48.9004936218
18.9004936218
11.0995063782
41.0995063782
71.0995025635
4.66686248779
94.6668624878
37.9801139832
127.980117798
73.8766937256
40.5328407288
43.8766975403
13.8766975403
16.1233024597
49.4671592712
46.1233024597
76.1233062744
46.9755020142
136.189208984
16.9755001068
106.189201355
76.189201355
43.0244979858
46.189201355
73.0244979858
16.189201355
13.810798645
60.5792274475
30.5792274475
0.579228401184
29.4207725525
59.4207725525
89.4207687378
153.197570801
123.197563171
93.1975631714
63.1975631714
33.1975631714
3.19756317139
159.382415771
129.382415771
99.3824157715
69.3824157715
39.3824157715
9.38241577148
47.347442627
42.652557373
51.9810562134
38.0189437866
36.1789779663
126.178977966
21.3507499695
8.64925003052
38.6492500305
68.6492462158
98.6492462158
128.649246216
80.3947906494
50.3947906494
9.60520935059
39.6052093506
7.69423675537
37.6942367554
67.6942367554
97.6942367554
127.694236755
157.694244385
35.0737533569
65.0737533569
125.073753357
155.073760986
160.914382935
103.610458374
76.8778762817
118.408859253
130.914382935
73.610458374
46.8778762817
88.4088592529
100.914382935
43.610458374
16.8778762817
58.4088592529
70.9143829346
13.610458374
13.1221227646
28.4088592529
40.9143829346
16.389541626
43.1221237183
1.59114074707
10.9143829346
46.389541626
73.1221237183
31.5911407471
64.3150863647
34.3150863647
8.77417087555
4.31508827209
25.6849117279
55.6849136353
81.2258300781
85.6849136353
91.8961181641
61.8961219788
31.8961219788
1.89612197876
28.1038780212
58.1038780212
26.99584198
56.99584198
116.99584198
146.995849609
13.3994979858
43.3994979858
73.3994979858
103.399497986
133.399505615
163.399505615
50.6324806213
20.6324806213
9.36751937866
39.3675193787
69.3675231934
99.3675231934
153.231719971
123.231712341
93.2317123413
63.2317123413
33.2317123413
3.23171234131
149.538787842
119.538780212
89.5387802124
59.5387802124
29.5387802124
0.461219787598
52.9071617126
37.0928382874
0.657836914062
29.3421630859
59.3421630859
89.3421630859
119.342163086
149.342163086
9.96859741211
39.9685974121
28.9730300903
69.9685974121
58.9730300903
99.9685974121
129.968597412
118.97303009
159.968597412
148.973022461
78.3765792847
48.37657547
18.3765773773
11.6234235764
41.62342453
71.6234207153
2.00537872314
32.0053787231
62.0053787231
92.0053787231
122.005378723
152.005371094
81.5819473267
158.774169922
51.581943512
128.774169922
21.581943512
98.7741775513
8.41805553436
68.7741775513
38.418056488
38.7741775513
68.4180526733
8.77417755127
85.7843017578
55.7842979431
25.7842979431
4.21570205688
34.2157020569
64.2156982422
81.9343490601
56.7682876587
51.9343490601
21.9343490601
8.06565093994
33.2317123413
38.0656509399
68.0656509399
49.2363967896
55.6196556091
25.6196556091
40.7636032104
34.3803443909
64.3803482056
5.727394104
35.727394104
65.727394104
95.727394104
125.727394104
155.727386475
76.4144210815
46.4144248962
16.4144229889
13.5855770111
43.5855751038
73.5855789185
0.101097106934
29.8989028931
59.8989028931
89.8989028931
119.898902893
149.898895264
1.29404449463
28.7059555054
58.7059555054
88.7059555054
118.705955505
148.705963135
61.3099517822
31.3099517822
28.6900482178
58.6900482178
151.616882324
121.616874695
61.6168746948
31.6168746948
76.5911407471
13.4088602066
14.1676177979
15.8323822021
45.8323822021
75.8323822021
105.832382202
135.832382202
89.1753082275
59.1753082275
29.1753101349
0.824689865112
30.8246898651
60.8246917725
84.7418060303
54.7418022156
24.7418022156
5.25819778442
35.2581977844
65.2581939697
9.62356567383
20.3764343262
50.3764343262
80.3764343262
110.376434326
140.376434326
131.929321289
101.929321289
71.9293212891
41.9293212891
11.9293212891
18.0706787109
130.097503662
100.097503662
70.0975036621
40.0975036621
10.0975036621
19.9024963379
23.0470428467
6.95295715332
36.9529571533
66.9529571533
96.9529571533
126.952957153
98.8067932129
8.80679321289
133.671310425
103.671310425
73.6713104248
43.6713104248
13.6713104248
16.3286895752
115.502845764
85.5028457642
55.5028457642
25.5028457642
4.49715423584
34.4971542358
116.987213135
86.9872131348
56.9872093201
26.9872093201
3.01279067993
33.0127906799
138.019775391
108.019767761
78.0197677612
48.0197677612
18.0197677612
11.9802322388
5.43283081055
24.5671691895
54.5671691895
84.5671691895
114.567169189
144.567169189
149.981628418
119.981636047
89.9816360474
59.9816360474
29.9816360474
0.0183639526367
118.300750732
88.3007507324
28.3007507324
1.69924926758
110.837646484
80.8376464844
50.8376502991
20.8376502991
9.16234970093
39.1623497009
70.1695785522
40.1695785522
10.1695804596
19.8304195404
49.8304214478
79.8304214478
152.845062256
122.845054626
92.8450546265
62.8450546265
32.8450546265
2.84505462646
154.143585205
124.143585205
94.1435852051
64.1435852051
34.1435852051
4.14358520508
42.9946174622
47.28150177
17.2814998627
17.0053825378
12.7185001373
47.0053825378
42.71849823
72.71849823
107.005386353
102.71849823
159.986877441
129.986877441
69.9868850708
39.9868850708
154.077194214
124.077194214
94.0771942139
64.0771942139
34.0771942139
4.07719421387
44.2192459106
45.7807540894
77.5637664795
47.5637702942
17.5637702942
12.4362297058
42.4362297058
72.4362335205
117.909843445
87.9098434448
57.9098434448
27.9098434448
2.09015655518
32.0901565552
122.770904541
92.770904541
62.7709007263
32.7709007263
2.77090072632
27.2290992737
123.410949707
93.410949707
63.410949707
33.410949707
3.41094970703
26.589050293
122.335266113
92.3352661133
62.3352661133
32.3352661133
2.33526611328
27.6647338867
101.808624268
11.8086280823
137.149581909
130.077362061
107.149581909
100.07736969
77.1495819092
70.0773696899
47.1495819092
40.0773696899
17.1495819092
10.0773696899
12.8504180908
19.9226303101
39.5829467773
9.09386444092
53.4889450073
9.58294677734
39.0938644409
20.4170532227
69.0938644409
50.4170532227
99.0938644409
36.5110549927
80.4170532227
129.09387207
110.417053223
159.09387207
72.5804901123
42.5804901123
12.580491066
17.4195098877
47.4195098877
77.4195098877
72.7542572021
42.7542572021
17.2457427979
47.2457427979
95.2825622559
65.2825622559
35.2825584412
5.28255844116
24.7174415588
54.7174415588
149.528671265
119.528671265
89.5286712646
59.5286712646
29.5286712646
0.471328735352
149.787414551
119.787414551
89.7874145508
59.7874145508
29.7874145508
0.212585449219
3.43494415283
146.995849609
116.99584198
18.9246444702
62.8188858032
32.8188858032
86.5650558472
56.99584198
26.99584198
71.0753555298
27.1811122894
57.1811141968
140.828521729
110.828529358
80.8285293579
50.8285293579
20.8285293579
9.17147064209
48.8531570435
41.1468429565
45.0463867188
135.046386719
132.994613647
102.994613647
72.9946136475
42.9946174622
12.9946174622
17.0053825378
2.57405853271
32.5740585327
62.5740585327
92.5740585327
122.574058533
152.574066162
2.36663818359
92.3666381836
154.380340576
124.380348206
94.3803482056
64.3803482056
34.3803482056
4.38034820557
18.3663635254
11.6336364746
41.6336364746
71.6336364746
101.633636475
131.633636475
15.0
75.0
94.9435653687
64.9435653687
34.9435653687
4.9435634613
25.0564365387
55.0564346313
8.11827850342
38.1182785034
68.1182785034
98.1182785034
128.118286133
158.118286133
9.03550720215
39.0355072021
69.0355072021
99.0355072021
129.035507202
159.035507202
81.9529571533
51.9529571533
21.9529571533
8.04704284668
38.0470428467
68.0470428467
26.6335372925
3.36646270752
33.3664627075
63.3664627075
93.3664627075
123.366462708
144.341094971
114.341087341
84.3410873413
54.3410873413
24.3410873413
5.65891265869
142.011291504
112.011283875
82.0112838745
52.0112838745
22.0112838745
7.98871612549
90.9199981689
60.9199943542
30.9199943542
0.919994354248
29.0800056458
59.0800056458
94.133102417
64.133102417
34.1331062317
4.13310623169
25.8668937683
55.8668937683
62.6375045776
32.6375045776
27.362493515
57.3624954224
68.049659729
21.9503421783
63.3259239197
33.3259239197
3.32592391968
26.6740760803
56.6740760803
86.6740722656
45.0
75.0
135.0
165.0
161.905944824
131.905944824
101.905944824
71.9059448242
41.9059448242
11.9059448242
59.7448806763
29.7448806763
0.255118370056
30.2551193237
60.2551193237
90.2551193237
11.4785461426
41.4785461426
71.4785461426
101.478546143
131.478546143
161.478546143
162.13760376
132.13760376
102.13759613
72.1375961304
42.1375961304
12.1375961304
2.29061126709
92.2906112671
33.0127906799
3.01279067993
26.9872093201
56.9872093201
86.9872131348
116.987213135
164.0184021
134.0184021
104.018409729
74.018409729
44.018409729
14.018409729
84.2110290527
24.211025238
5.78897476196
65.7889709473
161.775482178
131.775482178
101.775474548
71.7754745483
41.7754745483
11.7754745483
38.3102760315
129.090270996
87.0947570801
3.69007110596
8.31027603149
99.0902786255
57.0947570801
33.690071106
21.6897239685
69.0902786255
27.0947570801
63.690071106
51.6897239685
39.0902786255
2.9052438736
93.690071106
81.6897277832
9.09027862549
32.9052429199
123.690071106
111.689727783
20.9097213745
62.9052429199
153.690063477
90.6109848022
60.6109886169
30.6109886169
0.610987663269
29.3890113831
59.3890113831
91.1892089844
78.9724960327
61.1892051697
48.9724960327
31.1892051697
18.9724960327
1.18920516968
11.0275039673
28.8107948303
41.0275039673
58.8107948303
71.0275039673
89.4702911377
0.529706001282
26.18592453
3.81407546997
33.81407547
63.81407547
93.8140716553
123.814071655
131.003540039
101.003540039
71.0035400391
41.0035438538
11.0035438538
18.9964561462
126.842773438
96.8427734375
66.8427734375
36.8427696228
6.8427696228
23.1572303772
38.3256530762
8.32565307617
21.6743469238
51.6743469238
81.6743469238
111.674346924
131.633544922
41.6335372925
69.4713516235
39.4713516235
9.47135162354
20.5286483765
50.5286483765
80.5286483765
61.3269844055
31.3269844055
1.32698535919
28.6730155945
58.6730155945
88.6730117798
141.49307251
111.49306488
81.4930648804
51.4930648804
21.4930648804
8.50693511963
163.270721436
133.270721436
103.270729065
73.2707290649
43.2707290649
13.2707290649
12.7568664551
17.2431335449
47.2431335449
77.2431335449
107.243133545
137.243133545
154.726669312
150.483306885
120.483299255
94.7266693115
90.4832992554
64.7266693115
60.4832992554
30.4832992554
4.72666931152
0.483299255371
56.943069458
26.943069458
3.05693054199
33.056930542
63.056930542
93.056930542
101.565048218
66.0375061035
71.5650482178
36.0375099182
41.5650482178
11.5650482178
23.9624900818
18.4349517822
53.9624900818
48.4349517822
87.5288085938
102.349876404
57.5288085938
72.3498764038
27.5288085938
42.3498764038
2.47119235992
12.3498744965
32.4711914062
17.6501255035
62.4711914062
47.6501235962
62.5925827026
32.5925827026
2.59258270264
27.4074172974
57.4074172974
87.4074172974
7.89054870605
22.1094512939
52.1094512939
82.1094512939
112.109451294
142.109451294
8.83873748779
81.1612625122
107.658988953
77.6589889526
47.6589889526
17.6589889526
12.3410110474
42.3410110474
133.276397705
103.276405334
73.2764053345
43.2764053345
13.2764053345
16.7235946655
129.162353516
99.1623535156
69.1623535156
39.1623497009
9.16234970093
20.8376502991
153.690063477
123.690071106
93.690071106
63.690071106
33.690071106
3.69007110596
157.522674561
28.718837738
70.2177658081
114.023300171
127.522674561
1.28116226196
40.2177658081
84.0233001709
97.5226745605
31.281162262
10.2177639008
54.0232963562
67.5226745605
61.281162262
19.7822360992
24.0232963562
37.5226745605
91.2811584473
49.7822341919
5.9767036438
7.52267456055
121.281158447
79.7822341919
35.9767036438
78.8847579956
80.228187561
48.8847579956
50.2281913757
18.8847560883
20.2281913757
11.1152439117
9.77180957794
41.1152420044
39.7718086243
71.1152420044
69.771812439
72.5546951294
42.5546951294
12.554693222
17.445306778
47.4453048706
77.4453048706
0.478637695312
29.5213623047
59.5213623047
89.5213623047
119.521362305
149.521362305
4.54009246826
34.5400924683
64.5400924683
94.5400924683
124.540092468
154.540100098
30.0
23.6598091125
16.6607475281
0.0
6.34019088745
13.3392524719
30.0
36.3401908875
43.3392524719
60.0
66.3401947021
73.3392486572
90.0
96.3401947021
103.339248657
120.0
126.340194702
133.339248657
85.1755065918
4.82448959351
70.985824585
40.985824585
10.985824585
19.014175415
49.014175415
79.014175415
159.920394897
129.920394897
99.9203948975
69.9203948975
39.9203948975
9.92039489746
3.12185668945
26.8781433105
56.8781433105
86.8781433105
116.878143311
146.878143311
7.78240203857
22.2175979614
52.2175979614
82.2175979614
112.217597961
142.217590332
142.557250977
147.979476929
112.557250977
117.979476929
82.5572509766
87.9794769287
52.5572509766
57.9794769287
22.5572509766
27.9794769287
7.44274902344
2.02052307129
56.5650520325
58.610458374
26.5650520325
28.6104602814
3.43494796753
1.38953971863
33.4349479675
31.3895397186
63.4349479675
61.389541626
93.4349517822
91.389541626
85.7509689331
55.7509651184
25.7509651184
4.24903392792
34.2490348816
64.2490310669
74.1815414429
72.1375961304
44.1815452576
42.1375961304
14.1815443039
12.137594223
15.8184556961
17.862405777
45.8184547424
47.8624038696
75.8184585571
77.8624038696
29.3577537537
60.6422462463
13.6028137207
43.6028137207
73.6028137207
103.602813721
133.602813721
163.602813721
13.5855712891
43.5855712891
73.5855712891
103.585571289
133.585571289
163.585571289
63.8351211548
33.8351211548
3.83512020111
26.1648788452
56.1648788452
86.1648788452
62.125
32.125
2.125
27.875
57.875
87.875
13.3153076172
43.3153076172
73.3153076172
103.315307617
133.315307617
163.315307617
39.1966590881
9.19665908813
20.9097213745
20.8033409119
50.8033409119
80.8033447266
110.909721375
110.803344727
43.9026870728
13.9026851654
16.0973148346
46.0973129272
76.0973129272
106.097312927
6.63251876831
83.367477417
163.876708984
133.876708984
103.876701355
73.876701355
43.876701355
13.876701355
163.898284912
133.898284912
103.898284912
73.8982849121
43.8982849121
13.8982849121
10.2363586426
40.2363586426
100.236358643
130.236358643
48.317779541
35.9806785583
41.682220459
54.0193214417
25.971736908
4.02826309204
34.028263092
64.0282592773
94.0282592773
124.028259277
74.1574783325
72.1375961304
44.1574745178
42.1375961304
14.1574754715
15.8425245285
17.862405777
45.8425254822
47.8624038696
75.8425216675
158.018951416
96.1247177124
128.018951416
66.1247177124
98.0189437866
36.1247177124
68.0189437866
6.1247177124
38.0189437866
23.8752822876
8.01894378662
53.8752822876
66.3843536377
76.1017074585
36.3843536377
46.1017074585
6.38435173035
16.1017055511
23.6156482697
13.8982934952
53.6156463623
43.8982925415
83.6156463623
73.8982925415
39.905090332
51.360496521
9.90509033203
21.3604984283
20.094909668
8.63950157166
50.094909668
38.639503479
80.094909668
68.639503479
110.094909668
98.639503479
47.4471893311
17.4471874237
12.5528125763
42.5528106689
72.5528106689
102.552810669
25.1009063721
4.89909362793
34.8990936279
64.8990936279
94.8990936279
124.899093628
132.680389404
102.680389404
72.6803894043
42.6803855896
12.6803855896
17.3196144104
155.454223633
125.454223633
95.4542236328
65.4542236328
35.4542236328
5.45422363281
160.441894531
130.441894531
100.441894531
70.4418945312
40.4418945312
10.4418945312
157.39163208
127.39163208
97.3916320801
67.3916320801
37.3916320801
7.39163208008
156.550079346
126.550071716
66.5500717163
36.5500717163
69.1226043701
39.1226081848
9.12260818481
20.8773918152
50.8773918152
80.8773956299
120.926177979
90.9261779785
60.9261779785
30.9261779785
0.926177978516
29.0738220215
58.4467315674
28.44672966
1.55327033997
31.55327034
61.5532684326
91.5532684326
120.939193726
90.9391937256
60.9391899109
30.9391899109
0.939189910889
29.0608100891
70.8403625488
160.840362549
57.8014602661
27.8014583588
2.19854164124
32.1985397339
62.1985397339
92.1985397339
104.744880676
74.7448806763
44.7448806763
14.7448825836
15.2551174164
45.2551193237
41.9761352539
11.9761352539
18.0238647461
48.0238647461
78.0238647461
108.023864746
54.1455459595
24.1455440521
5.85445594788
35.8544540405
65.8544540405
95.8544540405
156.441223145
143.671936035
126.441223145
113.671936035
72.9088745117
96.4412231445
83.6719360352
66.4412231445
53.6719360352
36.4412231445
23.6719360352
17.091129303
6.44122314453
6.32806396484
129.897827148
99.8978347778
39.8978347778
9.89783477783
99.4724578857
9.47245788574
158.659805298
128.659805298
98.6598052979
68.6598052979
38.6598052979
8.65980529785
155.690063477
125.690063477
95.6900634766
65.6900634766
35.6900634766
5.69006347656
12.9545898438
42.9545898438
72.9545898438
102.954589844
132.954589844
162.954589844
120.6902771
90.6902770996
60.6902770996
30.6902770996
0.690277099609
29.3097229004
41.3477783203
71.3477783203
131.34777832
161.34777832
14.5387878418
15.4612121582
45.4612121582
75.4612121582
105.461212158
135.461212158
149.623748779
119.623748779
99.8055725098
89.6237487793
59.6237487793
29.6237487793
9.80557250977
0.376251220703
45.0
45.0
146.565063477
116.565055847
86.5650558472
56.5650558472
26.5650558472
3.43494415283
138.019775391
108.019767761
78.0197677612
48.0197677612
18.0197677612
11.9802322388
62.3004150391
32.3004150391
2.30041599274
27.6995849609
57.6995849609
87.6995849609
56.6120567322
26.6120567322
3.38794326782
33.3879432678
63.3879432678
93.3879394531
8.90475559235
81.0952453613
162.089172363
132.089172363
131.12147522
72.0891647339
42.0891647339
41.1214752197
159.289398193
129.289398193
99.2894058228
69.2894058228
39.2894058228
9.28940582275
51.8014068604
141.80140686
86.2482681274
3.75173187256
9.47245788574
2.69198608398
5.07375335693
39.4724578857
32.691986084
35.0737533569
69.4724578857
62.691986084
65.0737533569
99.4724578857
92.691986084
95.0737533569
129.472457886
122.691986084
125.073753357
159.472457886
152.691986084
155.073760986
2.90524291992
32.9052429199
62.9052429199
92.9052429199
122.90524292
152.90524292
157.600402832
97.600402832
88.0091705322
67.600402832
7.60040283203
1.99082946777
83.8806610107
82.6668014526
53.880657196
52.6668052673
23.880657196
22.6668052673
6.11934185028
7.33319568634
36.119342804
37.3331947327
66.1193389893
67.3331985474
3.17851257324
86.8214874268
11.2482681274
71.5317687988
41.2482681274
41.5317687988
71.2482681274
101.248268127
18.4682292938
131.248260498
48.4682312012
161.248260498
72.8252563477
42.8252563477
12.8252563477
17.1747436523
47.1747436523
77.1747436523
93.0041656494
63.0041618347
33.0041618347
3.00416183472
26.9958381653
56.9958381653
59.8459320068
51.3706245422
29.8459320068
21.3706245422
0.154067993164
8.62937545776
30.1540679932
38.6293754578
60.1540679932
68.6293792725
90.1540679932
98.6293792725
26.1468410492
3.85315895081
63.8531570435
93.8531570435
157.941986084
97.9419784546
67.9419784546
7.94197845459
15.5007400513
14.4992599487
44.4992599487
74.4992599487
104.499259949
134.499267578
115.723190308
108.465774536
131.144958496
85.7231903076
78.4657745361
101.144966125
55.7231903076
48.4657745361
71.1449661255
25.7231903076
18.4657745361
41.1449661255
4.27680969238
11.5342254639
11.1449661255
34.2768096924
41.5342254639
18.8550338745
146.312652588
116.312644958
86.3126449585
56.3126449585
26.3126449585
3.6873550415
79.2363967896
49.2363967896
19.2363948822
10.7636051178
40.7636032104
70.7636032104
77.1610794067
47.1610794067
17.1610794067
12.8389205933
42.8389205933
72.8389205933
67.1094512939
22.8905525208
98.3048934937
68.3048934937
38.3048934937
8.3048915863
21.6951084137
51.6951065063
95.1363067627
65.1363067627
35.136302948
5.136302948
24.863697052
54.863697052
94.9831085205
64.9831085205
34.9831085205
4.98310661316
25.0168933868
55.0168914795
13.3255004883
43.3255004883
73.3255004883
103.325500488
133.325500488
163.325500488
164.175857544
134.175857544
104.175857544
74.1758575439
44.1758575439
14.1758575439
164.175857544
134.175857544
104.175857544
74.1758575439
44.1758575439
14.1758575439
150.00491333
120.004920959
90.0049209595
60.0049209595
30.0049209595
0.00492095947266
159.946044922
129.946044922
99.9460525513
69.9460525513
39.9460525513
9.94605255127
67.5628814697
37.5628814697
7.56288194656
22.4371185303
52.4371185303
82.4371185303
89.4920272827
0.507972717285
100.643241882
70.6432418823
40.6432418823
10.643239975
19.356760025
49.3567581177
76.8778762817
46.8778762817
16.8778762817
13.1221227646
43.1221237183
73.1221237183
65.8698272705
60.7354888916
35.8698234558
30.7354888916
5.86982440948
0.735487937927
24.1301765442
29.2645111084
54.1301765442
59.2645111084
84.1301727295
89.2645111084
137.52557373
0.963752746582
90.6795196533
92.4747772217
107.525566101
30.9637527466
60.679523468
62.474773407
77.5255661011
60.9637527466
30.679523468
32.474773407
47.5255661011
90.9637527466
0.679523468018
2.47477340698
17.5255661011
120.963752747
29.320476532
27.525226593
12.4744338989
150.963745117
59.320476532
57.525226593
123.691383362
93.6913833618
63.6913833618
33.6913833618
3.69138336182
26.3086166382
116.185928345
86.1859283447
56.18592453
26.18592453
3.81407546997
33.81407547
46.4585037231
16.4585018158
13.5414981842
43.5414962769
73.5414962769
103.541496277
33.7248840332
3.7248840332
26.2751159668
56.2751159668
86.2751159668
116.275115967
17.3547897339
107.354789734
70.2011184692
40.2011184692
19.7988796234
49.7988815308
97.3286590576
105.411079407
67.3286590576
37.3286590576
45.4110794067
7.32865715027
15.4110794067
22.6713428497
52.6713409424
44.5889205933
51.2881698608
21.2881679535
8.71183204651
38.7118301392
68.7118301392
98.7118301392
0.0685806274414
64.0934906006
30.0685806274
34.0934906006
60.0685806274
90.0685806274
25.9065093994
120.068580627
55.9065093994
150.068572998
90.1729125977
97.5430603027
60.1729125977
30.172914505
37.5430603027
0.172914505005
7.54306030273
29.827085495
59.8270874023
52.4569396973
75.0
45.0
15.0
15.0
45.0
75.0
79.4635391235
49.4635429382
19.4635429382
10.5364580154
40.5364570618
70.5364608765
134.036254883
137.904449463
104.036247253
107.904449463
74.0362472534
77.9044494629
44.0362472534
47.9044494629
14.0362472534
17.9044494629
15.9637527466
12.0955505371
8.35607147217
21.6439285278
46.7142028809
51.6439285278
81.6439285278
111.643928528
136.714202881
141.643920898
68.4180526733
38.418056488
8.41805553436
21.581943512
51.581943512
81.5819473267
8.21102142334
38.2110214233
68.2110214233
98.2110214233
128.211029053
158.211029053
149.054595947
119.054603577
89.0546035767
59.0546035767
29.0546035767
0.94539642334
141.644439697
111.644432068
81.6444320679
51.6444320679
21.6444320679
8.35556793213
75.0
45.0
15.0
15.0
45.0
75.0
75.0
45.0
15.0
15.0
45.0
75.0
109.261634827
79.2616348267
49.2616348267
19.2616348267
10.7383651733
40.7383651733
3.07130813599
86.9286956787
151.858215332
146.374984741
143.869506836
121.858222961
116.374984741
113.869499207
86.3749847412
83.8694992065
61.8582229614
56.3749847412
53.8694992065
31.8582229614
26.3749847412
23.8694992065
3.62501525879
6.13050079346
89.5602722168
59.5602760315
29.5602760315
0.43972492218
30.4397239685
60.4397239685
14.7448768616
15.2564315796
15.5792274475
15.2551231384
14.7435684204
14.4207725525
45.2551231384
44.7435684204
44.4207725525
75.2551269531
74.7435684204
74.4207763672
105.255126953
104.74356842
104.420776367
135.255126953
134.743560791
134.420776367
18.2317123413
11.7682876587
41.7682876587
71.7682876587
101.768287659
131.768280029
7.72972869873
22.2702713013
52.2702713013
82.2702713013
112.270271301
142.270263672
139.766815186
109.766815186
79.7668151855
49.7668151855
19.7668151855
10.2331848145
120.480712891
60.4807167053
89.4598312378
30.4807167053
29.5192832947
0.540168762207
47.5924263
17.5924263
12.4075737
42.4075737
72.4075775146
102.407577515
29.1930618286
25.3645362854
0.806938171387
4.6354637146
30.8069381714
60.8069381714
64.6354675293
90.8069381714
94.6354675293
120.806938171
159.709915161
129.709915161
99.7099151611
69.7099151611
39.7099151611
9.70991516113
79.4043273926
49.4043273926
19.4043292999
10.5956707001
40.5956726074
70.5956726074
77.0435943604
47.0435905457
17.043592453
12.956407547
42.9564094543
72.9564056396
111.09828186
30.6585426331
81.0982818604
0.658542633057
51.0982818604
29.3414573669
50.5560455322
21.0982818604
59.3414573669
8.90171813965
89.3414611816
38.9017181396
119.341461182
140.556045532
23.5301780701
6.46982192993
36.4698219299
66.4698181152
96.4698181152
126.469818115
55.8047065735
25.8047065735
4.19529342651
34.1952934265
64.1952972412
94.1952972412
8.10632705688
98.1063232422
90.5615081787
0.56151008606
69.7451934814
39.7451934814
9.74519348145
20.2548065186
50.2548065186
80.2548065186
41.4236679077
131.423675537
62.7995262146
32.7995262146
2.79952526093
27.2004737854
57.2004737854
87.2004776001
44.4897613525
14.4897632599
15.5102367401
45.5102386475
75.5102386475
105.510238647
39.9454193115
129.945419312
4.68775939941
94.6877593994
11.8478393555
18.1521606445
48.1521606445
78.1521606445
108.152160645
138.152160645
53.7026481628
23.7026481628
6.29735183716
36.2973518372
66.2973480225
96.2973480225
93.2839660645
63.2839660645
33.2839660645
3.2839641571
26.7160358429
56.7160339355
49.0577011108
19.0577030182
10.9422969818
40.9422988892
70.9422988892
100.942298889
129.42779541
99.4278030396
39.4278030396
9.42780303955
113.829826355
52.6198654175
83.829826355
22.6198654175
53.829826355
7.38013458252
23.829826355
37.3801345825
6.17017364502
67.3801345825
36.170173645
97.3801345825
40.6012954712
130.601287842
160.914382935
130.914382935
100.914382935
70.9143829346
40.9143829346
10.9143829346
8.35556793213
21.6444320679
51.6444320679
81.6444320679
111.644432068
141.644439697
40.8855285645
10.8855285645
19.1144714355
49.1144714355
79.1144714355
109.114471436
75.0
45.0
15.0
15.0
45.0
75.0
80.4403305054
50.4403305054
9.55966758728
39.5596694946
85.7843017578
25.7842979431
4.21570205688
64.2156982422
2.00537872314
32.0053787231
62.0053787231
92.0053787231
122.005378723
152.005371094
2.41796875
92.41796875
65.2093963623
35.209400177
5.209400177
24.790599823
54.790599823
84.7906036377
122.231170654
92.2311706543
43.9091835022
62.231174469
32.231174469
2.23117446899
46.0908164978
27.768825531
4.65130615234
25.3486938477
55.3486938477
85.3486938477
115.348693848
145.348693848
67.600402832
37.6004066467
7.60040569305
22.3995933533
52.3995933533
82.399597168
132.994613647
44.0362434387
102.994613647
14.0362434387
72.9946136475
15.9637565613
42.9946174622
45.9637565613
12.9946174622
75.963760376
17.0053825378
105.963760376
139.07510376
109.07510376
79.0751037598
49.0751037598
19.0751037598
10.9248962402
82.5394439697
52.5394439697
22.5394439697
7.4605550766
37.4605560303
67.4605560303
6.60707855225
36.6070785522
66.6070785522
96.6070785522
126.607078552
156.607086182
79.3323135376
49.3323135376
19.3323135376
10.6676864624
40.6676864624
70.6676864624
141.194061279
111.194061279
81.1940612793
51.1940612793
21.1940612793
8.8059387207
162.13760376
132.13760376
102.13759613
72.1375961304
42.1375961304
12.1375961304
135.101104736
105.101104736
45.1011009216
15.1011009216
80.5800857544
50.5800895691
20.5800895691
9.41991138458
39.4199104309
69.4199142456
82.4219360352
52.4219360352
22.4219341278
7.57806539536
37.5780639648
67.5780639648
64.5085220337
34.5085220337
25.4914779663
55.4914779663
10.5138702393
19.4861297607
49.4861297607
79.4861297607
109.486129761
139.486129761
131.659301758
41.6592941284
146.175292969
116.175285339
86.1752853394
56.1752853394
26.1752853394
3.82471466064
117.408218384
57.4082145691
27.4082145691
32.5917854309
114.820251465
113.571220398
112.222290039
84.8202514648
83.5712203979
82.2222900391
54.8202476501
53.5712203979
52.2222938538
24.8202476501
23.5712203979
22.2222938538
5.17975234985
6.42877960205
7.77770614624
35.1797523499
36.4287796021
37.7777061462
162.999679565
132.999679565
102.999679565
72.9996795654
42.9996795654
12.9996795654
156.825439453
126.825431824
96.8254318237
66.8254318237
36.8254318237
6.82543182373
59.0546035767
29.054605484
0.945394515991
4.56252574921
30.945394516
60.9453964233
90.9453964233
85.4374771118
153.068374634
154.934844971
123.068374634
124.934837341
131.210754395
93.0683746338
94.9348373413
63.0683746338
64.9348373413
33.0683746338
34.9348373413
41.2107543945
3.06837463379
4.93483734131
47.9108390808
17.9108371735
42.0891609192
72.0891647339
97.8749847412
7.87498474121
61.5513839722
31.5513839722
1.55138492584
28.4486160278
58.4486160278
88.4486160278
69.9868850708
39.9868850708
9.98688697815
20.0131130219
50.0131149292
80.0131149292
45.7086410522
163.854232788
15.7086391449
133.854232788
14.2913608551
103.854232788
44.2913589478
73.8542327881
74.2913589478
43.8542327881
104.291358948
13.8542327881
64.9920196533
34.9920196533
4.99202060699
25.0079803467
55.0079803467
85.0079803467
15.0
45.0
75.0
105.0
135.0
165.0
9.5076751709
39.5076751709
69.5076751709
99.5076751709
129.507675171
159.507675171
9.40065765381
39.4006576538
69.4006576538
99.4006576538
129.400665283
159.400665283
75.0
15.0
15.0
75.0
163.994918823
34.9194030762
133.994918823
64.9194030762
103.994918823
73.9949188232
124.919403076
43.9949188232
154.919403076
13.9949188232
19.973526001
10.026473999
63.5753326416
40.026473999
70.026473999
100.026473999
153.575332642
130.026473999
161.340438843
131.340438843
101.340438843
71.3404388428
41.3404388428
11.3404388428
9.90019989014
99.9001998901
161.495758057
131.495758057
101.495765686
71.495765686
41.495765686
11.495765686
9.44395446777
20.5560455322
50.5560455322
80.5560455322
110.556045532
140.556045532
80.8773956299
50.8773918152
20.8773918152
9.12260818481
39.1226081848
69.1226043701
45.0
45.0
93.4349517822
90.1010971069
63.4349479675
33.4349479675
30.1010971069
3.43494796753
0.101098060608
26.5650520325
56.5650520325
59.8989028931
113.139602661
83.1396026611
23.1396026611
6.86039733887
82.721824646
52.721824646
22.721824646
7.27817440033
37.278175354
67.278175354
121.273025513
91.2730255127
61.2730293274
31.2730293274
1.27302932739
28.7269706726
38.4801979065
51.5198020935
7.83365631104
22.166343689
52.166343689
82.166343689
112.166343689
142.166351318
89.1829299927
94.2140426636
59.1829299927
64.2140426636
29.1829299927
34.2140426636
0.81706905365
4.21404266357
30.8170700073
25.7859573364
60.8170700073
55.7859573364
9.92039489746
39.9203948975
69.9203948975
99.9203948975
129.920394897
159.920394897
62.3913955688
32.3913955688
2.3913936615
27.6086063385
57.6086044312
87.6086044312
97.7509765625
100.016891479
67.7509765625
70.0168914795
37.7509765625
40.0168914795
7.75097465515
10.0168914795
22.2490253448
19.9831085205
52.2490234375
49.9831085205
164.02897644
134.02897644
104.02897644
74.0289764404
44.0289764404
14.0289764404
158.659805298
157.349349976
128.659805298
98.6598052979
97.3493499756
68.6598052979
67.3493499756
38.6598052979
8.65980529785
7.34934997559
91.0599822998
89.5602722168
61.0599861145
59.5602760315
31.0599861145
29.5602760315
1.0599861145
0.43972492218
28.9400138855
30.4397239685
58.9400138855
60.4397239685
93.083442688
63.083442688
33.083442688
3.08344459534
26.9165554047
56.916557312
77.4895553589
47.4895515442
17.4895534515
12.5104475021
42.5104484558
72.5104446411
113.749488831
83.7494888306
23.7494888306
6.25051116943
