0.0561339855194
0.0496871471405
0.0537478923798
0.0721590518951
0.0496320724487
0.0632691383362
0.0587661266327
0.0549299716949
0.0388369560242
0.0687761306763
0.0531649589539
0.0440850257874
0.0517950057983
0.0565769672394
0.0464489459991
0.0780320167542
0.0533850193024
0.0738799571991
0.0496139526367
0.0759890079498
0.0430490970612
0.0498270988464
0.0653278827667
0.0695109367371
0.0669350624084
0.058984041214
0.0492570400238
0.0464041233063
0.0955340862274
0.0627899169922
0.0476479530334
0.0541980266571
0.0571808815002
0.0648758411407
0.0500140190125
0.059760093689
0.0641641616821
0.0594980716705
0.100558042526
0.0549190044403
0.0611629486084
0.0600378513336
0.0566461086273
0.0528781414032
0.0694539546967
0.0635528564453
0.0447940826416
0.0696239471436
0.047021150589
0.0532529354095
0.056343793869
0.0573289394379
0.0888359546661
0.0847470760345
0.0616948604584
0.0520470142365
0.0578520298004
0.0544180870056
0.0521149635315
0.054279088974
0.0508518218994
0.0494151115417
0.0542669296265
0.0752608776093
0.0511190891266
0.0772120952606
0.0498888492584
0.0688819885254
0.0450308322906
0.0581750869751
0.0554270744324
0.0611119270325
0.0493609905243
0.061017036438
0.0541858673096
0.0449178218842
0.0539190769196
0.0657141208649
0.0487718582153
0.0374400615692
0.0761740207672
0.0533530712128
0.0526881217957
0.0656800270081
0.0436320304871
0.0432140827179
0.0691058635712
0.0407931804657
0.0555188655853
