0.0379085540771
90.0379104614
147.339920044
102.339920044
57.3399200439
12.3399200439
148.263641357
103.263648987
58.2636489868
13.2636489868
9.87841033936
35.1215896606
80.1215896606
125.121589661
21.2269706726
155.83972168
113.645767212
23.7730293274
110.83972168
68.6457672119
68.7730255127
65.8397216797
23.6457633972
113.773025513
20.8397216797
21.3542366028
21.2512207031
38.9396362305
6.06036186218
111.251220703
51.0603637695
96.0603637695
40.1878662109
4.81213188171
49.8121337891
94.8121337891
106.329826355
10.8663635254
45.1198654175
156.376708984
123.454055786
61.329826355
34.1336364746
0.11986541748
111.376701355
78.4540557861
16.329826355
79.1336364746
44.8801345825
66.376701355
33.4540596008
28.670173645
124.133636475
89.8801345825
21.376701355
11.5459403992
146.190063477
56.190071106
19.0526123047
25.9473876953
70.9473876953
115.947387695
121.472625732
76.4726257324
31.4726219177
13.5273780823
115.334114075
155.83972168
70.3341140747
110.83972168
25.3341140747
65.8397216797
19.6658859253
20.8397216797
40.5723228455
7.70323944092
106.159805298
73.2823944092
143.638977051
4.42767715454
37.2967605591
61.1598091125
28.2823925018
98.6389694214
49.4276771545
82.2967605591
16.1598091125
16.7176074982
53.6389694214
94.4276733398
127.296760559
28.8401908875
61.7176094055
8.63896942139
124.71370697
34.7137069702
12.4024887085
46.7744407654
57.4024887085
102.402488708
43.2255592346
147.402496338
128.813858032
83.8138580322
38.8138542175
6.18614578247
34.7004699707
45.8691139221
10.2995300293
0.869113922119
55.2995300293
44.1308860779
100.299530029
89.1308898926
31.2461624146
13.7538375854
58.7538375854
103.753837585
156.429275513
111.429275513
66.4292755127
21.4292755127
17.8697433472
62.8697433472
107.869743347
152.869750977
74.0462875366
29.0462913513
15.9537096024
60.9537086487
65.5490112305
20.5490093231
24.4509906769
69.4509887695
50.0839195251
52.0882568359
5.08391952515
7.08825588226
39.9160804749
37.9117431641
84.9160766602
82.9117431641
35.7010879517
38.6892089844
9.29891014099
6.31079292297
54.2989120483
51.3107910156
99.2989120483
96.3107910156
17.7798576355
72.2201385498
38.1039505005
51.8960494995
4.06504821777
40.9349517822
85.9349517822
130.934951782
4.06505584717
94.0650558472
85.9349517822
40.9349479675
4.06505203247
49.0650520325
152.420394897
107.420394897
62.4203948975
17.4203948975
5.57248687744
50.5724868774
95.5724868774
140.572479248
74.2794723511
29.2794742584
15.7205257416
60.7205276489
14.7794876099
59.7794876099
104.77948761
149.77947998
57.8624610901
12.8624620438
32.1375389099
77.1375350952
5.72878265381
50.7287826538
95.7287826538
140.728790283
72.6173171997
16.5938568115
17.5728912354
105.607574463
27.617313385
28.4061431885
62.5728912354
60.6075782776
17.382686615
73.4061431885
107.572891235
15.6075782776
62.382686615
118.406143188
152.572891235
29.3924217224
50.450969696
39.549030304
42.7825622559
2.21743774414
47.2174377441
92.2174377441
86.2117385864
83.7940444946
41.2117385864
38.7940444946
3.78826141357
6.20595359802
48.7882614136
51.2059555054
4.31935119629
49.3193511963
94.3193511963
139.319351196
78.2506561279
33.2506523132
11.7493476868
56.7493476868
44.9569396973
69.7457427979
55.2748794556
24.7457427979
10.2748775482
45.0430603027
20.2542572021
34.7251205444
65.2542572021
79.7251205444
15.246805191
74.7531967163
151.59387207
105.498733521
106.593864441
61.5938644409
15.4987335205
16.5938644409
6.82047271729
96.8204727173
59.224105835
14.2241077423
30.7758922577
75.775894165
61.2741699219
56.8150863647
16.2741699219
11.8150882721
28.7258300781
33.1849136353
73.7258300781
78.1849136353
54.3705062866
144.370513916
120.775894165
30.7758903503
96.9274597168
51.9274559021
6.9274559021
38.0725440979
13.6581840515
31.3418159485
76.3418121338
121.341812134
21.6574783325
66.6574783325
111.657478333
156.657470703
10.3885765076
79.6114196777
45.0334854126
44.9665145874
3.6310005188
93.6309967041
120.630104065
118.292800903
119.411224365
75.6301040649
73.2928009033
74.4112243652
30.6301040649
28.2928009033
29.4112281799
14.3698959351
16.7071990967
15.5887718201
143.3984375
56.5221786499
13.239730835
99.4667358398
98.3984298706
11.5221796036
31.760269165
54.4667358398
53.3984298706
33.4778213501
76.760269165
9.4667339325
8.39842987061
78.4778213501
121.760269165
35.5332641602
63.5768928528
64.514541626
18.5768928528
19.5145397186
26.4231071472
25.4854602814
71.4231109619
70.485458374
47.7132873535
2.71328926086
42.2867126465
87.2867126465
12.5958175659
57.5958175659
102.595817566
147.595825195
8.05596923828
53.0559692383
98.0559692383
143.055969238
16.1598091125
28.8401908875
73.8401947021
118.840194702
63.0260429382
18.0260429382
26.9739570618
71.9739608765
64.1415481567
19.1415462494
25.8584537506
70.8584518433
61.3807106018
16.3807086945
28.6192913055
73.6192932129
136.804550171
91.8045501709
46.8045501709
1.8045501709
139.465713501
94.465713501
49.465713501
4.46571350098
154.594482422
109.594490051
64.5944900513
19.5944900513
61.0583992004
46.7744407654
16.0583992004
1.77444076538
28.9416007996
43.2255592346
73.9415969849
88.2255554199
140.479476929
95.4794769287
90.0572509766
50.4794769287
5.47947692871
0.0572509765625
49.0650520325
6.11046028137
40.9349479675
83.889541626
8.80995178223
81.1900482178
66.6815414429
64.6375961304
21.6815452576
19.637594223
23.3184547424
25.362405777
68.3184585571
70.3624038696
47.7011222839
42.2988777161
28.8401908875
16.1598091125
61.1598091125
106.159805298
55.1375083923
10.1375083923
34.8624916077
79.862487793
37.9907341003
7.00926589966
52.0092658997
97.009262085
152.656005859
107.65599823
62.65599823
17.65599823
19.9551887512
25.0448112488
70.0448150635
115.044815063
10.6113433838
34.3886566162
79.3886566162
124.388656616
101.850570679
56.850566864
11.850566864
33.149433136
109.269378662
64.2693786621
19.2693786621
25.7306213379
43.953956604
46.046043396
72.3792724609
0.596824645996
27.3792724609
17.6207275391
89.403175354
62.6207275391
120.630104065
95.7016296387
75.6301040649
50.701625824
30.6301040649
5.70162582397
14.3698959351
39.298374176
77.4506225586
81.0704345703
32.4506263733
36.0704345703
12.5493736267
8.92956638336
57.5493736267
53.9295654297
15.4987335205
105.498733521
54.8913955688
9.8913936615
12.1951541901
35.1086044312
80.1086044312
77.8048477173
150.374984741
105.374984741
60.3749847412
15.3749847412
40.223236084
4.77676200867
49.776763916
94.776763916
41.4045715332
3.59542655945
48.5954284668
93.5954284668
67.5
22.5
13.0376815796
58.0376815796
103.03768158
148.037689209
21.6448974609
66.6448974609
111.644897461
156.644897461
64.5891647339
19.5891628265
25.4108371735
70.4108352661
10.3557243347
34.6442756653
79.6442718506
124.644271851
110.631622314
65.6316223145
20.6316223145
24.3683776855
17.4575500488
27.5424499512
72.5424499512
117.542449951
52.1303100586
37.8696899414
55.0913772583
57.237953186
10.0913791656
12.2379522324
34.9086227417
32.762046814
79.9086227417
77.762046814
19.2754745483
64.2754745483
109.275474548
154.275482178
119.889045715
74.8890457153
29.8890457153
15.1109542847
72.0739212036
27.0739212036
17.9260787964
62.9260787964
13.227394104
58.227394104
55.2748794556
103.227394104
148.227386475
145.274871826
12.4194030762
57.4194030762
102.419403076
147.419403076
75.9934082031
30.9934062958
14.0065937042
59.0065917969
76.8193283081
31.8193283081
13.1806707382
58.1806716919
19.3778686523
64.3778686523
109.377868652
154.377868652
19.377872467
25.622127533
70.6221313477
115.622131348
12.3244934082
32.6755065918
77.6755065918
122.675506592
79.5947570801
10.4052438736
43.5375137329
1.46248817444
46.4624862671
91.4624862671
51.6359329224
141.635925293
99.5053863525
54.5053825378
9.50538253784
35.4946174622
6.85775756836
38.1422424316
83.1422424316
128.142242432
5.96298980713
39.0370101929
84.0370101929
129.037017822
23.9321022034
113.932098389
56.5771903992
33.4228096008
39.9471893311
50.0528106689
74.3640289307
115.878295898
32.7919464111
12.3272476196
29.364025116
70.8782958984
12.2080535889
57.3272476196
15.635974884
25.8782997131
57.2080535889
102.32724762
60.635974884
19.1217002869
102.208053589
147.32723999
66.0811462402
67.5
70.7498321533
21.0811443329
22.5
23.9188556671
22.5
19.2501716614
68.9188537598
67.5
15.5887680054
17.0596618652
60.5887680054
62.0596618652
105.588768005
107.059661865
150.588775635
152.059661865
20.8153076172
65.8153076172
110.815307617
155.815307617
146.676712036
56.6767120361
69.7604980469
24.7605018616
20.2394981384
65.2395019531
14.3698959351
59.3698959351
104.369895935
149.369903564
5.30145263672
95.3014526367
14.2732696533
59.2732696533
104.273269653
149.273269653
21.7654800415
66.7654800415
111.765480042
156.765472412
75.3152923584
30.3152923584
14.6847066879
59.6847076416
74.6250152588
29.6250152588
15.3749837875
60.3749847412
15.0977020264
60.0977020264
105.097702026
150.097702026
68.225227356
23.2252235413
21.7747764587
66.774772644
57.811214447
12.8112134933
32.188785553
77.1887893677
63.183971405
18.183971405
26.816028595
71.8160247803
98.463760376
53.4637565613
8.46375656128
36.5362434387
116.644622803
71.6446228027
26.6446228027
18.3553771973
140.572479248
95.5724868774
50.5724868774
5.57248687744
17.4203948975
62.4203948975
107.420394897
152.420394897
110.930679321
65.9306793213
20.9306755066
24.0693244934
0.333654403687
89.666343689
51.5546035767
111.909347534
145.488525391
6.55460548401
66.9093475342
100.488517761
38.4453964233
21.9093437195
55.4885177612
83.4453964233
23.0906562805
10.4885177612
46.1820907593
125.672554016
1.18208885193
80.6725540161
43.8179092407
35.6725540161
88.8179092407
9.32744598389
77.1375350952
12.8624620438
152.98600769
107.98600769
62.9860076904
17.9860076904
30.0946464539
63.2946434021
14.9053535461
18.2946434021
74.7060546875
59.9053535461
26.7053565979
104.905349731
71.7053604126
15.2939453125
100.774887085
102.492019653
55.774887085
57.4920196533
10.774887085
12.4920196533
34.225112915
32.5079803467
95.5724868774
5.57248687744
83.8138504028
38.8138504028
6.18614959717
51.1861495972
10.7655029297
34.2344970703
79.2344970703
124.23449707
64.5289916992
25.4710121155
13.5982780457
20.8634223938
31.4017219543
24.1365776062
76.4017181396
69.1365814209
121.40171814
114.136581421
157.5
112.5
67.5
22.5
150.685333252
61.6515579224
105.685340881
60.6853408813
151.651550293
15.6853408813
157.5
112.5
67.5
22.5
61.0411834717
151.041183472
66.715171814
21.7151756287
23.2848243713
68.284828186
25.5127868652
64.4872131348
18.0443954468
63.0443954468
108.044395447
153.044403076
83.1039428711
6.89605712891
125.569320679
80.5693206787
35.5693206787
9.43067932129
38.3025169373
128.302520752
48.1410064697
41.8589935303
154.133544922
109.133537292
64.1335372925
19.1335372925
108.685928345
96.5546035767
63.68592453
51.5546035767
18.68592453
6.55460357666
26.31407547
38.4453964233
154.837005615
109.836997986
64.8369979858
19.8369979858
13.8044929504
31.1955070496
76.1955108643
121.195510864
155.268829346
17.6009063721
110.268821716
62.6009063721
65.2688217163
107.600906372
20.2688217163
152.600906372
151.258087158
106.258087158
61.2580871582
16.2580871582
80.2834472656
9.71654891968
76.9623260498
13.0376777649
129.520523071
39.520526886
59.1885452271
14.1885442734
30.8114547729
75.8114547729
16.3844909668
106.384490967
149.107086182
104.107078552
59.1070785522
14.1070785522
77.1052017212
32.1052055359
12.8947954178
57.8947944641
63.2636032104
18.2636051178
26.7363948822
71.7363967896
65.3389205933
20.3389205933
24.6610794067
69.6610794067
63.2321052551
18.2321071625
26.7678928375
71.7678909302
91.5755004883
46.5754966736
1.57549667358
43.4245033264
51.7368240356
141.736816406
130.934951782
85.9349517822
40.9349517822
4.06504821777
130.934951782
40.9349517822
4.45217895508
40.5478210449
85.5478210449
130.547821045
76.3418121338
31.3418140411
13.6581859589
58.6581878662
76.9623260498
31.9623222351
13.0376777649
58.0376777649
78.8099365234
33.8099327087
11.1900672913
56.1900672913
24.048160553
114.048156738
19.4872093201
25.5127906799
70.5127868652
115.512786865
13.2273988724
76.7725982666
134.639434814
44.6394348145
1.20265197754
88.7973480225
156.458374023
111.458374023
66.4583740234
21.4583740234
156.376708984
111.376701355
66.376701355
21.376701355
156.354232788
111.354232788
66.3542327881
21.3542327881
18.8880004883
63.8880004883
108.888000488
153.888000488
61.7071075439
151.707107544
61.2648849487
151.264892578
49.8498764038
4.84987640381
40.1501235962
85.1501235962
17.1854553223
107.185455322
82.8501358032
37.8501358032
7.14986419678
52.1498641968
76.3418121338
78.3855285645
31.3418140411
33.3855285645
13.6581859589
11.6144733429
58.6581878662
56.6144714355
154.707305908
109.707298279
64.7072982788
19.7072982788
7.99982452393
52.9998245239
97.9998245239
142.999816895
11.5771942139
56.5771942139
101.577194214
146.577194214
39.1869430542
50.8130569458
9.09741210938
155.12701416
54.0974121094
110.127006531
99.0974121094
65.1270065308
144.097412109
20.1270065308
57.9333114624
56.1900672913
32.0666885376
33.8099327087
95.3972702026
50.3972702026
5.39727210999
39.6027297974
78.2207260132
33.2207260132
11.7792720795
56.7792739868
134.956939697
89.9569396973
44.9569396973
0.0430603027344
127.386260986
37.386264801
13.9692344666
14.1561088562
31.0307655334
30.8438911438
76.0307617188
75.8438873291
121.030761719
120.843887329
127.755126953
82.7551269531
37.7551231384
7.24487686157
140.89302063
140.912658691
95.8930206299
95.9126586914
50.8930206299
50.9126586914
5.89302062988
5.91265869141
74.6228027344
59.2935523987
68.4130477905
29.6228046417
14.2935523987
23.4130477905
15.3771953583
30.7064476013
21.5869522095
60.3771934509
75.706451416
66.5869522095
6.55460357666
38.4453964233
83.4453964233
128.445404053
54.8004150391
144.800415039
103.03767395
58.0376777649
13.0376777649
31.9623222351
5.71862030029
33.7743263245
84.2813796997
123.77432251
6.58735656738
38.4126434326
83.4126434326
128.412643433
7.28213500977
52.2821350098
97.2821350098
142.28213501
75.0946426392
30.0946426392
14.9053573608
59.9053573608
52.8026809692
7.80268192291
37.1973190308
82.1973190308
143.463745117
98.4637527466
53.4637527466
8.46375274658
16.9724578857
61.9724578857
106.972457886
151.972457886
20.7376098633
65.7376098633
110.737609863
155.737609863
27.3207702637
17.6792297363
62.6792297363
107.679229736
148.852539062
103.852531433
58.8525314331
13.8525314331
11.9183654785
33.0816345215
78.0816345215
123.081634521
8.17728424072
36.8227157593
81.8227157593
126.822715759
71.5282669067
26.528263092
18.471736908
63.471736908
70.5127868652
19.4872131348
38.7940444946
6.20595359802
51.2059555054
96.2059555054
4.55059623718
94.5505981445
155.5887146
110.5887146
65.5887145996
20.5887145996
156.476959229
111.476966858
66.4769668579
21.4769668579
152.144165039
58.9163780212
107.144172668
13.9163789749
62.1441726685
31.0836219788
17.1441726685
76.0836181641
74.0819473267
29.081943512
15.9180555344
60.918056488
50.8555221558
140.855529785
1.12937927246
44.5942306519
43.8706207275
88.8706207275
134.594238281
133.870620728
14.72864151
30.27135849
75.2713623047
120.271362305
13.1532478333
31.8467521667
76.8467559814
121.846755981
33.6835861206
11.3164138794
56.3164138794
101.316413879
91.8045501709
46.8045463562
1.8045463562
43.1954536438
61.1598052979
151.159805298
0.11986541748
89.8801345825
68.9610824585
23.9610805511
21.0389194489
66.0389175415
67.1441345215
22.8558692932
68.4391937256
23.4391918182
21.5608081818
66.5608062744
17.4203948975
62.4203948975
57.4194030762
107.420394897
152.420394897
147.419403076
74.9314041138
29.9314079285
15.0685920715
60.0685920715
45.020565033
0.020565032959
44.979434967
89.9794311523
143.463745117
98.4637527466
53.4637527466
8.46375274658
58.9163780212
13.9163789749
31.0836219788
76.0836181641
44.5679016113
45.4320983887
15.3749847412
60.3749847412
105.374984741
150.374984741
12.0625228882
102.062522888
75.5190811157
30.5190849304
14.4809160233
59.4809150696
83.6134109497
38.6134109497
6.38658714294
51.3865890503
62.3055725098
17.3055725098
27.6944274902
72.6944274902
66.5608062744
21.5608081818
23.4391918182
68.4391937256
65.5908508301
20.5908470154
24.4091529846
69.4091491699
83.9600143433
6.03998565674
76.2351379395
31.2351341248
13.7648658752
58.7648658752
20.1140594482
65.1140594482
110.114059448
155.114059448
104.849349976
59.8493461609
14.8493461609
30.1506538391
115.512786865
70.5127868652
25.5127906799
19.4872093201
40.9605560303
49.0394439697
71.5406723022
26.5406723022
18.4593276978
63.4593276978
93.8115310669
48.8115310669
3.81152915955
41.1884689331
7.07783508301
52.077835083
97.077835083
142.077835083
7.62432098389
52.6243209839
97.6243209839
142.624328613
127.351379395
37.3513793945
80.5203704834
9.4796295166
125.839248657
80.8392486572
35.8392524719
9.16074752808
148.337646484
103.337646484
58.3376464844
13.3376464844
78.8099365234
33.8099327087
11.1900672913
56.1900672913
31.5193214417
58.4806785583
48.1651916504
3.16519165039
41.8348083496
86.8348083496
81.536239624
36.5362434387
8.46375751495
53.4637565613
112.5
22.5
94.6496810913
49.6496810913
4.64968109131
40.3503189087
8.46375274658
53.4637527466
98.4637527466
143.463745117
19.0317687988
25.9682312012
70.9682312012
115.968231201
3.05996704102
41.940032959
86.940032959
131.940032959
11.9389915466
33.0610084534
78.0610046387
123.061004639
77.8888549805
32.8888549805
12.1111431122
57.1111450195
63.1012954712
66.6815414429
18.1012954712
21.6815452576
26.8987045288
23.3184547424
71.8987045288
68.3184585571
44.0840797424
49.0888977051
41.6382904053
0.915920257568
4.08889579773
3.36171150208
45.9159202576
40.9111022949
48.3617095947
90.9159240723
85.9111022949
93.3617095947
3.9679775238
93.9679794312
75.759437561
46.6022338867
9.57400512695
140.32409668
30.759437561
1.60223579407
54.574005127
95.3240966797
14.240562439
43.3977661133
99.574005127
50.3240966797
59.240562439
88.3977661133
144.574005127
5.32409667969
48.7586593628
47.9077224731
52.1667175293
3.75866127014
7.16671657562
41.2413406372
42.0922775269
37.8332824707
86.2413406372
82.8332824707
56.5771942139
11.5771961212
33.4228057861
78.4228057861
22.5
22.5
67.5
112.5
50.4183654785
5.41836547852
39.5816345215
84.5816345215
95.19947052
5.19947052002
8.80995178223
53.8099517822
98.8099517822
143.809951782
82.0889205933
84.7160720825
7.91108131409
5.28392601013
130.487335205
130.934951782
85.4873352051
85.9349517822
40.4873352051
40.9349517822
4.51266479492
4.06504821777
74.9715576172
66.6696853638
21.6696853638
15.0284423828
23.3303146362
68.3303146362
71.3857498169
26.3857517242
18.6142482758
63.6142501831
2.54138946533
87.4586105347
95.5724868774
119.245574951
31.6178665161
12.0085220337
50.5724868774
74.2455749512
13.3821334839
57.0085220337
5.57248687744
29.2455787659
58.3821334839
102.008522034
39.4275131226
15.7544212341
103.382133484
147.008514404
28.5440940857
16.4559059143
61.4559059143
106.4559021
11.9183654785
59.0449714661
104.803947449
88.320892334
33.0816345215
14.0449724197
59.8039474487
43.320892334
78.0816345215
30.9550285339
14.8039474487
1.67910766602
123.081634521
75.9550247192
30.1960525513
46.679107666
65.4174346924
20.4174346924
15.8455753326
24.5825653076
69.5825653076
74.1544265747
48.059967041
3.05996513367
41.940032959
86.940032959
149.90536499
59.9053573608
75.0946426392
30.0946426392
14.9053573608
59.9053573608
86.884513855
41.884513855
3.11548423767
48.115486145
7.87911987305
8.46375274658
52.879119873
53.4637527466
97.879119873
98.4637527466
142.879119873
143.463745117
15.2249946594
14.7079200745
29.7750053406
30.2920799255
74.7750091553
75.2920837402
119.775009155
120.29208374
132.724853516
87.724861145
42.724861145
2.27513885498
127.358612061
82.3586120605
37.3586120605
7.64138793945
140.730377197
95.7303848267
50.7303848267
5.73038482666
12.6120109558
32.3879890442
77.3879852295
122.387985229
156.102813721
111.102813721
66.1028137207
21.1028137207
61.6439857483
39.3583984375
54.8666381836
16.6439857483
5.64159965515
9.86663818359
28.3560142517
50.6416015625
35.1333618164
73.356010437
95.6416015625
80.1333618164
35.0288085938
9.97119140625
54.9711914062
99.9711914062
17.4485931396
62.4485931396
107.44859314
152.44859314
141.471862793
96.4718704224
51.4718704224
6.47187042236
134.150817871
89.1508102417
44.1508102417
0.849189758301
66.0646591187
21.0646572113
23.9353427887
68.9353408813
66.1284255981
21.1284255981
23.8715744019
68.8715744019
80.152557373
35.152557373
9.84744358063
54.847442627
16.3844966888
73.6155014038
116.215286255
125.494613647
71.2152862549
26.2152900696
35.4946174622
18.7847099304
20.162689209
24.837310791
69.837310791
114.837310791
140.948699951
50.9487075806
137.617126465
137.352005005
155.92376709
92.6171340942
92.3520050049
110.92376709
47.6171340942
47.3520050049
65.9237670898
2.61713409424
2.35200500488
20.9237670898
44.4031791687
45.5968208313
38.8138504028
44.6663475037
6.18614768982
0.333652496338
51.1861495972
45.3336524963
96.1861495972
90.3336486816
95.0826339722
50.0826339722
5.08263587952
39.9173660278
41.5577011108
3.44229698181
39.1992416382
48.4422988892
93.4422988892
129.199249268
59.3698959351
30.6301040649
128.189987183
83.1899871826
38.1899909973
6.81000900269
134.132507324
89.1325073242
44.1325073242
0.867492675781
20.790184021
65.790184021
110.790184021
155.79019165
99.3490524292
54.3490524292
9.34905052185
35.6509475708
84.3867950439
5.61320877075
46.8764686584
43.1235313416
95.11302948
50.11302948
5.11302757263
39.88697052
17.5728912354
62.5728912354
107.572891235
152.572891235
4.06504821777
40.9349517822
85.9349517822
130.934951782
110.611808777
65.6118087769
20.6118087769
24.3881912231
20.37890625
65.37890625
110.37890625
155.37890625
15.1139602661
60.1139602661
105.113960266
150.113952637
50.6416015625
5.6416015625
39.3583984375
84.3583984375
149.670928955
104.670921326
59.6709213257
14.6709213257
113.932098389
68.9320983887
23.9321022034
21.0678977966
44.6663475037
45.3336524963
54.9711914062
9.97119235992
1.05226325989
35.0288085938
80.0288085938
88.9477386475
43.9129714966
1.08703041077
46.0870285034
91.0870285034
75.5357131958
14.4642896652
29.4112281799
15.5887718201
60.5887718201
105.588775635
18.6859283447
63.6859283447
108.685928345
153.685928345
0.817710876465
44.1822891235
89.1822891235
134.182281494
73.0979690552
28.0979728699
16.9020271301
61.9020271301
133.306793213
88.3067932129
43.3067932129
1.69320678711
111.457351685
66.4573516846
21.4573478699
23.5426521301
39.4311065674
41.3677825928
5.56889533997
3.63221549988
50.5688934326
48.6322174072
95.5688934326
93.6322174072
54.8004150391
35.1995849609
90.373664856
42.7656936646
45.373664856
0.373664855957
47.2343063354
44.626335144
17.3451766968
62.3451766968
107.345176697
152.345184326
17.1441726685
62.1441726685
107.144172668
152.144165039
144.505371094
148.409729004
99.5053787231
103.409721375
54.5053787231
58.4097213745
9.50537872314
13.4097213745
135.508880615
90.5088729858
45.5088729858
0.50887298584
73.6466217041
28.6466255188
16.3533744812
61.3533744812
62.8893508911
17.8893508911
27.1106491089
72.1106491089
71.9671554565
26.9671592712
18.0328407288
63.0328407288
75.3001861572
30.3001880646
14.6998119354
59.6998138428
26.8987045288
63.1012954712
86.1578826904
41.1578865051
3.84211349487
48.8421134949
141.927459717
141.205963135
96.9274520874
96.2059555054
51.9274520874
51.2059555054
6.9274520874
6.20595550537
97.3989028931
7.39890289307
95.2585449219
101.190063477
50.2585411072
56.1900672913
5.25854110718
11.1900672913
39.7414588928
33.8099327087
153.101287842
36.5362434387
71.514175415
108.101295471
8.46375656128
26.514175415
63.1012954712
53.4637565613
18.485824585
18.1012954712
98.463760376
63.485824585
69.5825653076
24.5825653076
20.4174346924
65.4174346924
71.3785247803
18.6214752197
71.5856170654
26.5856170654
18.4143829346
63.4143829346
58.7538375854
13.7538385391
31.2461624146
76.2461624146
59.9053573608
14.9053573608
30.0946426392
75.0946426392
145.345062256
100.345054626
55.3450546265
10.3450546265
141.205963135
96.2059555054
51.2059555054
6.20595550537
18.1803283691
136.332809448
84.8523406982
63.1803283691
39.8523445129
108.180328369
46.3328094482
5.14765548706
153.180328369
50.1476554871
17.0588531494
62.0588531494
107.058853149
152.058853149
15.4059638977
74.594039917
72.0327377319
27.0327358246
17.9672641754
62.9672660828
69.8127059937
24.8127059937
20.1872940063
65.1872940063
72.0664138794
27.0664138794
17.9335861206
62.9335861206
136.396514893
46.396522522
41.9433555603
3.0566444397
48.0566444397
93.056640625
49.0626602173
43.942401886
4.06266212463
40.9373397827
46.057598114
85.9373397827
92.7531585693
47.753162384
2.75316238403
42.246837616
102.559425354
57.559425354
12.559425354
32.440574646
97.691619873
52.691619873
7.69161987305
37.308380127
156.590621948
111.590621948
66.5906219482
21.5906219482
154.684448242
109.684440613
64.6844406128
19.6844406128
148.679626465
103.679618835
58.6796188354
13.6796188354
154.589172363
109.589164734
64.5891647339
19.5891647339
78.8099365234
11.1900672913
13.2538833618
58.2538833618
103.253883362
148.253875732
69.8532943726
24.8532962799
20.1467037201
65.1467056274
8.46375274658
36.5362472534
81.5362472534
126.536247253
7.24488067627
52.2448806763
97.2448806763
142.244873047
153.84777832
108.84777832
63.8477783203
18.8477783203
31.4397201538
58.5602798462
78.0994338989
75.8767929077
33.0994300842
30.8767929077
11.9005689621
14.1232061386
56.9005699158
59.1232070923
48.0228805542
3.10356712341
3.02287864685
41.9771194458
86.8964309692
86.9771194458
132.153823853
87.1538238525
42.1538238525
2.84617614746
39.9747772217
5.02522277832
50.0252227783
95.0252227783
144.151275635
99.1512756348
54.1512756348
9.15127563477
47.0671691895
141.554595947
2.0671710968
96.5546035767
42.9328308105
51.5546035767
87.9328308105
6.55460357666
110.923446655
18.6345367432
65.9234466553
63.6345367432
20.9234466553
108.634536743
24.0765533447
153.634536743
4.30083465576
49.3008346558
94.3008346558
139.300842285
7.01149749756
37.9885025024
82.9885025024
127.988502502
83.0928115845
38.0928115845
6.9071893692
51.9071884155
89.6094512939
44.6094474792
0.390552520752
45.3905525208
40.9349517822
49.0650482178
8.90058517456
36.0994148254
81.0994110107
126.099411011
59.778175354
14.7781744003
30.221824646
75.221824646
82.7551193237
37.7551193237
7.24488162994
52.2448806763
3.20995330811
45.5513000488
134.414871216
87.9622650146
48.2099533081
0.551301956177
89.4148712158
42.9622688293
93.2099533081
44.4486999512
44.4148712158
2.03773117065
138.209960938
89.4486999512
0.58512878418
47.0377311707
48.5534973145
3.5534954071
41.4465026855
86.4465026855
38.4313201904
6.56868171692
51.5686798096
96.5686798096
77.3658065796
32.3658065796
12.6341934204
57.6341934204
69.509552002
24.5095539093
20.4904460907
65.490447998
141.975891113
3.64683914185
95.3475799561
97.2448806763
96.9758911133
41.3531608582
50.3475799561
52.2448806763
51.9758911133
86.3531646729
5.34757995605
7.24488258362
6.97589111328
131.353164673
39.6524200439
37.7551193237
134.979431152
89.9794311523
44.9794311523
0.0205688476562
46.5754966736
43.4245033264
90.1937942505
76.3067932129
99.3907928467
45.1937942505
31.3067932129
54.390789032
0.19379234314
13.6932077408
9.39078903198
44.8062057495
58.6932067871
35.609210968
46.5442237854
1.5442237854
43.4557762146
88.4557800293
62.096206665
146.190063477
17.0962085724
101.190071106
27.9037914276
56.190071106
72.903793335
11.190071106
149.530395508
104.530387878
59.5303878784
14.5303878784
70.5127868652
25.5127868652
19.4872131348
64.4872131348
129.523925781
84.5239257812
39.5239257812
5.47607421875
150.068588257
105.068588257
60.0685882568
15.0685882568
1.42195892334
43.5780410767
88.5780410767
133.578033447
46.24949646
1.24949455261
43.75050354
88.75050354
4.76615905762
49.7661590576
94.7661590576
139.766159058
1.92348480225
46.9234848022
91.9234848022
136.923492432
32.9077110291
122.907714844
14.2028541565
30.7971458435
75.7971496582
120.797149658
18.873260498
63.873260498
108.873260498
153.873260498
78.1849136353
33.1849136353
11.8150882721
56.8150863647
23.5416259766
21.4583740234
66.4583740234
111.458374023
62.6009063721
37.9396438599
7.06035423279
27.3990936279
52.0603561401
97.0603561401
75.0946426392
30.0946426392
14.9053573608
59.9053573608
46.0323486328
43.9676513672
0.855567932129
44.1444320679
89.1444320679
134.144439697
7.56858062744
52.5685806274
97.5685806274
142.568572998
146.357116699
101.35710907
65.5694122314
56.3571090698
11.3571090698
24.4305915833
149.134124756
104.134117126
59.1341171265
14.1341171265
156.254638672
111.254631042
66.2546310425
21.2546310425
141.039978027
96.0399856567
51.0399856567
6.03998565674
82.6240081787
7.37599468231
155.908859253
110.908859253
65.9088592529
20.9088592529
28.4061431885
16.5938568115
61.5938568115
106.593856812
10.7317123413
100.731712341
63.0153961182
55.1609115601
59.3698959351
56.1900672913
18.0153942108
10.1609134674
14.3698968887
11.1900672913
26.9846057892
34.8390884399
30.6301040649
33.8099327087
71.9846038818
79.8390884399
75.6301040649
78.8099365234
59.240562439
14.240562439
30.759437561
75.759437561
150.711029053
105.711021423
60.7110214233
15.7110214233
157.5
112.5
67.5
22.5
49.0650520325
53.2354888916
52.3270874023
4.06505203247
8.23548793793
40.9349479675
36.7645111084
37.6729125977
85.9349517822
81.7645111084
12.549369812
57.549369812
102.549369812
147.549377441
94.9744262695
4.97443008423
49.0650482178
40.9349517822
144.664382935
99.6643829346
54.6643829346
9.66438293457
0.214416503906
44.7855834961
89.7855834961
134.785583496
131.404571533
86.4045791626
41.4045791626
3.5954208374
2.03772735596
87.962272644
13.9692306519
58.9692306519
103.969230652
148.969238281
77.2524261475
32.2524261475
12.7475748062
57.7475738525
30.4269256592
59.5730743408
96.4091796875
51.4091835022
6.4091835022
38.5908164978
19.6658859253
20.8397216797
25.3341140747
65.8397216797
70.3341140747
110.83972168
115.334114075
155.83972168
87.2794952393
49.5907211304
4.59071922302
2.72050666809
40.4092788696
85.4092788696
41.4828834534
52.9085426331
131.528564453
3.51711654663
51.186378479
7.90854263306
48.5171165466
37.0914573669
41.5285644531
93.5171203613
141.18637085
82.0914611816
8.02289581299
36.977104187
81.977104187
126.977104187
56.0034370422
11.0034379959
33.9965629578
78.9965591431
22.5
67.5
112.5
157.5
14.646686554
75.3533172607
6.11045837402
83.889541626
154.083404541
109.083404541
64.083404541
19.083404541
20.8153076172
65.8153076172
110.815307617
155.815307617
21.6417617798
111.64176178
98.1506652832
101.190063477
53.1506652832
56.1900672913
8.15066719055
11.1900672913
36.8493347168
33.8099327087
75.6301040649
78.8099365234
71.9846038818
30.6301040649
33.8099327087
26.9846057892
34.8390884399
14.3698968887
11.1900672913
18.0153942108
59.3698959351
56.1900672913
63.0153961182
55.1609115601
75.759437561
30.759437561
14.240562439
59.240562439
76.8349990845
31.8349971771
13.1650028229
58.1650009155
19.9551925659
64.9551925659
109.955192566
154.955200195
16.7894058228
61.7894058228
106.789405823
151.789398193
78.2131195068
11.7868766785
85.9349517822
81.7645111084
40.9349479675
36.7645111084
4.06505203247
8.23548793793
49.0650520325
53.2354888916
11.1900672913
33.8099327087
78.8099365234
123.809936523
14.7348337173
75.2651672363
53.2354888916
8.23548793793
36.7645111084
81.7645111084
55.6113433838
10.6113414764
34.3886566162
79.3886566162
55.1609115601
34.8390884399
14.9761772156
13.442111969
30.0238227844
31.557888031
75.0238189697
76.5578918457
120.02381897
121.557891846
86.3531570435
41.3531570435
3.64684104919
48.6468429565
12.0922851562
8.46375274658
57.0922851562
53.4637527466
102.092285156
98.4637527466
147.092285156
143.463745117
11.5771942139
101.577194214
20.490447998
65.490447998
110.490447998
155.490447998
17.4868850708
62.4868850708
107.486885071
152.486877441
15.6182785034
60.6182785034
105.618278503
150.618286133
15.2468032837
60.2468032837
105.246803284
150.246795654
3.06602859497
93.0660247803
61.4458084106
16.4458084106
28.5541915894
73.5541915894
70.2702178955
25.2702159882
19.7297840118
64.7297821045
23.1740379333
21.8259620667
66.825958252
111.825958252
23.1437492371
24.4305915833
21.8562507629
20.5694084167
66.8562469482
65.5694122314
111.856246948
110.569412231
22.5
22.5
67.5
112.5
9.10750198364
99.1074981689
0.873748779297
44.1262512207
89.1262512207
134.126251221
138.269317627
93.2693252563
48.2693252563
3.26932525635
78.0666351318
33.0666351318
11.9333629608
56.9333648682
18.7359657288
71.2640380859
147.634185791
102.63419342
57.6341934204
12.6341934204
3.366355896
86.633644104
45.2965202332
0.296520233154
44.7034797668
89.7034759521
46.1820907593
41.4704093933
48.6752929688
1.18208885193
3.52959060669
3.6752910614
43.8179092407
48.5295906067
41.3247070312
88.8179092407
93.529586792
86.3247070312
137.845855713
92.8458633423
47.8458633423
2.84586334229
6.88900756836
51.8890075684
96.8890075684
141.889007568
72.8321609497
27.8321590424
17.1678409576
62.167842865
56.761100769
6.55460548401
11.7611026764
33.238899231
83.4453964233
78.238899231
66.2546386719
21.2546348572
23.7453651428
68.7453613281
54.7509727478
9.75097370148
35.2490272522
80.2490234375
125.847106934
80.8471069336
35.8471107483
9.15288925171
128.299438477
83.2994384766
38.2994346619
6.70056533813
38.9768829346
6.02311706543
51.0231170654
96.0231170654
45.4637756348
0.463773727417
44.5362243652
89.5362243652
46.5442237854
1.5442237854
43.4557762146
88.4557800293
136.375274658
91.3752822876
46.3752822876
1.3752822876
144.121292114
99.1212921143
54.1212921143
9.12129211426
143.046142578
152.462463379
98.0461425781
107.462471008
53.0461425781
62.4624710083
8.04614257812
17.4624710083
7.90821933746
82.0917816162
63.3066482544
18.3066482544
26.6933517456
71.6933517456
104.849349976
14.8493461609
17.1854553223
62.1854553223
107.185455322
152.185455322
62.6009063721
62.4575500488
27.3990936279
27.5424499512
78.1697845459
33.1697807312
11.8302183151
56.8302192688
143.463745117
98.4637527466
53.4637527466
8.46375274658
141.554595947
141.820465088
140.89302063
96.5546035767
96.8204727173
51.5546035767
51.8204727173
50.8930206299
6.55460357666
6.82047271729
113.580932617
114.661071777
118.48059845
68.5809326172
69.6610717773
73.4805984497
23.5809288025
24.661075592
28.4805984497
21.4190711975
20.338924408
16.5194015503
120.785797119
30.7858009338
92.5168914795
47.5168914795
2.51689147949
42.4831085205
13.0376815796
58.0376815796
103.03768158
148.037689209
9.86663818359
54.8666381836
99.8666381836
144.866638184
141.65133667
96.6513442993
51.6513442993
6.65134429932
138.499389648
93.4993896484
48.4993896484
3.49938964844
120.797149658
75.7971496582
30.7971458435
14.2028541565
119.392425537
74.3924255371
29.3924255371
15.6075744629
5.67858886719
50.6785888672
95.6785888672
140.678588867
65.6523895264
20.6523895264
24.3476104736
69.3476104736
92.9268722534
2.92687225342
77.282409668
12.717590332
52.6630935669
7.66309165955
37.3369064331
82.3369064331
78.746925354
11.253071785
151.008682251
106.008682251
61.008682251
16.008682251
147.210906982
102.210906982
57.2109069824
12.2109069824
156.462356567
66.4623565674
50.9126586914
140.912658691
20.3002700806
65.3002700806
110.300270081
155.300262451
63.5397834778
26.4602184296
46.5442237854
1.5442237854
43.4557762146
88.4557800293
145.274871826
152.486877441
100.274879456
107.486885071
55.2748794556
62.4868850708
10.2748794556
17.4868850708
2.40476989746
47.4047698975
92.4047698975
137.404769897
15.5189399719
95.4794692993
29.4810600281
50.4794692993
74.4810638428
5.47947120667
119.481063843
39.5205307007
101.659698486
56.6596946716
11.6596946716
33.3403053284
67.5
22.5
22.5
67.5
147.68069458
102.680702209
57.6807022095
12.6807022095
139.065063477
49.0650558472
99.847442627
9.84744262695
45.9046897888
44.0953102112
15.1139602661
60.1139602661
105.113960266
150.113952637
152.736358643
107.736358643
62.7363586426
17.7363586426
21.3982849121
21.376701355
66.3982849121
66.376701355
111.398284912
111.376701355
156.398284912
156.376708984
4.46571350098
49.465713501
94.465713501
139.465713501
16.4909896851
61.4909896851
106.490989685
151.490997314
86.4966583252
3.5033416748
144.107498169
99.1074981689
54.1074981689
9.10749816895
143.866027832
53.866027832
73.3773956299
28.3773918152
16.6226081848
61.6226081848
75.6301040649
30.6301040649
14.3698968887
59.3698959351
78.1196517944
33.1196556091
34.6549415588
11.8803453445
56.8803443909
55.3450584412
37.0344543457
52.9655456543
6.55460357666
51.5546035767
96.5546035767
141.554595947
12.1951522827
57.1951522827
102.195152283
147.195159912
11.190071106
56.190071106
101.190071106
146.190063477
21.0312042236
111.031204224
14.7348327637
59.7348327637
104.734832764
149.734832764
96.8577575684
51.8577537537
6.85775375366
38.1422462463
70.4255371094
25.4255332947
19.5744667053
64.5744628906
65.4208602905
20.4208602905
24.5791397095
69.5791397095
66.4600906372
21.4600906372
23.5399093628
68.5399093628
13.1526832581
31.8473167419
76.8473205566
121.847320557
69.1846847534
24.1846847534
20.8153152466
65.8153152466
123.454055786
78.4540557861
33.4540596008
11.5459403992
131.324707031
118.840194702
73.8401947021
41.3247070312
28.8401908875
16.1598091125
125.839248657
80.8392486572
35.8392524719
9.16074752808
12.3244895935
77.6755065918
22.5
112.5
154.5390625
109.539070129
64.5390701294
19.5390701294
81.536239624
36.5362434387
8.46375751495
53.4637565613
43.315612793
1.68438720703
46.684387207
91.684387207
70.3624038696
68.3184585571
25.362405777
23.3184547424
19.637594223
21.6815452576
64.6375961304
66.6815414429
62.7921485901
17.7921485901
27.2078514099
72.2078552246
59.0288543701
14.0288553238
30.9711456299
75.9711456299
71.2517318726
26.2517280579
18.7482719421
63.7482719421
82.2493667603
37.2493629456
7.75063610077
52.7506370544
85.7927780151
40.7927780151
4.20722389221
49.2072219849
151.553131104
106.553138733
61.5531387329
16.5531387329
0.0430603027344
44.9569396973
89.9569396973
134.956939697
19.6416664124
25.3583335876
70.3583374023
115.358337402
47.0901184082
137.090118408
52.0387802124
142.038787842
140.20223999
95.2022323608
50.2022323608
5.20223236084
141.739532471
51.7395248413
62.4868850708
17.4868869781
27.5131130219
72.5131149292
6.31079864502
38.689201355
83.689201355
128.689208984
3.24070739746
93.2407073975
101.190063477
56.1900672913
11.1900672913
33.8099327087
9.86663818359
54.8666381836
99.8666381836
144.866638184
7.99982452393
52.9998245239
97.9998245239
142.999816895
146.880340576
101.880348206
56.8803482056
11.8803482056
10.8663635254
34.1336364746
79.1336364746
124.133636475
148.037689209
103.03768158
58.0376815796
13.0376815796
10.5706787109
55.5706787109
100.570678711
145.570678711
2.99755859375
42.0024414062
87.0024414062
132.002441406
70.9682312012
25.9682292938
19.0317707062
64.0317687988
73.3773956299
28.3773918152
16.6226081848
61.6226081848
5.57248687744
39.4275131226
84.4275131226
129.427520752
5.39727020264
50.3972702026
95.3972702026
140.397277832
128.573577881
83.5735778809
38.5735778809
6.42642211914
80.3477020264
35.3477020264
9.65229701996
54.6522979736
134.880126953
89.8801345825
44.8801345825
0.11986541748
10.5238685608
34.4761314392
79.4761352539
124.476135254
95.19947052
50.19947052
5.19947052002
39.80052948
4.64967727661
40.3503227234
85.3503265381
130.350326538
43.3977661133
1.60223388672
46.6022338867
91.6022338867
36.9897613525
58.2066917419
8.01023674011
13.2066926956
53.0102386475
31.7933082581
98.0102386475
76.7933044434
78.8099365234
66.6048278809
27.8321590424
33.8099327087
21.6048259735
11.1900672913
23.3951740265
62.167842865
56.1900672913
68.3951721191
33.7063598633
11.2936401367
56.2936401367
101.293640137
80.1086044312
75.5272369385
35.1086044312
30.5272369385
9.8913936615
14.4727630615
54.8913955688
59.4727630615
22.5
67.5
112.5
157.5
155.297393799
65.2974014282
44.8104133606
0.189586639404
45.1895866394
90.1895904541
44.1444320679
45.8555679321
87.2671661377
42.2671661377
2.73283195496
47.7328338623
148.409729004
134.956939697
103.409721375
89.9569396973
58.4097213745
44.9569396973
13.4097213745
0.0430603027344
21.6559753418
66.6559753418
111.655975342
156.655975342
21.0813217163
66.0813217163
111.081321716
156.081329346
98.7725982666
53.7725982666
8.7725982666
36.2274017334
109.98915863
64.9891586304
19.9891586304
25.0108413696
133.313827515
88.3138275146
43.3138275146
1.68617248535
116.138580322
71.1385803223
26.1385765076
18.8614234924
99.3551330566
59.8932266235
54.3551292419
9.35512924194
30.1067733765
35.6448707581
153.294647217
108.294647217
63.2946472168
18.2946472168
152.059661865
107.059661865
62.0596618652
17.0596618652
79.7251205444
45.0430603027
34.7251205444
10.2748775482
44.9569396973
55.2748794556
59.2028541565
14.2028551102
30.7971458435
75.7971420288
67.5
22.5
22.5
67.5
4.64967727661
40.3503227234
85.3503265381
130.350326538
48.4584579468
47.2763900757
138.458465576
137.276397705
120.825653076
75.8256530762
30.8256530762
14.1743469238
67.5
22.5
1.30316162109
88.6968383789
146.677001953
101.676994324
56.6769943237
11.6769943237
105.004135132
15.0041351318
78.9587554932
33.9587516785
11.0412473679
56.0412483215
12.1951541901
77.8048477173
127.484863281
82.4848632812
37.4848594666
7.51514053345
58.7273712158
13.7273721695
31.2726287842
76.2726287842
62.2843399048
17.2843399048
27.7156600952
72.7156600952
139.291503906
49.2915115356
7.37599182129
52.3759918213
97.3759918213
142.375991821
6.55460357666
51.5546035767
96.5546035767
141.554595947
2.61483383179
92.6148376465
78.4111251831
11.5888719559
6.31079864502
38.689201355
83.689201355
128.689208984
10.1805496216
34.8194503784
79.8194503784
124.819450378
102.612014771
47.4739112854
57.6120109558
12.6120109558
42.5260887146
32.3879890442
130.211456299
85.2114486694
40.2114486694
4.78855133057
140.165161133
95.1651611328
50.1651611328
5.16516113281
50.8007507324
140.800750732
45.1149749756
135.114974976
48.7135353088
55.7567100525
3.71353530884
10.7567110062
41.2864646912
34.2432899475
86.2864685059
79.2432861328
157.5
36.5362434387
125.494613647
112.5
8.46375656128
80.4946136475
67.5
53.4637565613
35.4946174622
22.5
98.463760376
9.50538253784
46.407661438
45.4637756348
1.40766143799
43.592338562
44.5362243652
88.592338562
145.503097534
55.5030975342
12.2472753525
77.7527236938
86.8971557617
41.8971557617
3.10284614563
48.1028442383
100.523864746
10.5238647461
11.956325531
78.0436706543
151.159805298
106.159805298
61.1598052979
16.1598052979
147.492019653
143.029693604
102.492019653
98.0297012329
57.4920196533
53.0297012329
12.4920196533
8.02970123291
20.2542495728
65.2542495728
110.254249573
155.254241943
59.2801132202
14.2801132202
30.7198867798
75.7198867798
101.686126709
56.6861228943
11.6861228943
33.3138771057
21.3542366028
68.6457595825
30.8256530762
14.1743469238
59.1743469238
104.174346924
54.6522979736
9.65229701996
35.3477020264
80.3477020264
47.5962524414
2.59625244141
42.4037475586
87.4037475586
147.880279541
102.880271912
57.8802719116
12.8802719116
146.190063477
101.190071106
56.190071106
11.190071106
51.0399856567
6.03998565674
38.9600143433
83.9600143433
94.8498764038
80.0288085938
49.8498764038
35.0288085938
4.84987449646
9.97119235992
40.1501235962
54.9711914062
138.84211731
50.8007583618
48.8421173096
39.1992416382
152.600906372
107.600906372
62.6009063721
17.6009063721
49.0650520325
4.06505203247
40.9349479675
85.9349517822
0.36450958252
45.3645095825
53.4637527466
90.3645095825
135.364501953
143.463745117
63.3553771973
18.3553771973
26.6446228027
71.6446228027
62.9860115051
27.0139884949
155.263031006
110.263023376
65.2630233765
20.2630233765
151.764068604
106.764076233
61.7640762329
16.7640762329
142.568572998
97.5685806274
52.5685806274
7.56858062744
62.0226325989
17.0226325989
27.9773674011
72.9773712158
2.12356567383
92.1235656738
144.819610596
99.8196182251
54.8196182251
9.8196182251
129.427520752
84.4275131226
39.4275131226
5.57248687744
117.855819702
72.8558197021
27.8558235168
17.1441764832
101.190063477
129.057067871
56.1900672913
84.0570678711
11.1900672913
39.0570716858
33.8099327087
5.94292831421
36.7259635925
53.2740364075
63.2946434021
18.2946434021
26.7053565979
71.7053604126
54.8931999207
9.89320087433
35.1068000793
80.1067962646
14.3651237488
75.6348724365
52.0387802124
142.038787842
2.3636932373
87.6363067627
129.10697937
84.1069793701
39.1069793701
5.89302062988
70.7588729858
25.7588748932
19.2411251068
64.2411270142
78.6499786377
11.3500213623
79.5114746094
34.5114784241
10.4885225296
55.4885215759
87.823135376
2.17686462402
73.0721969604
28.0721969604
16.9278030396
61.9278030396
117.312637329
72.3126373291
27.3126335144
17.6873664856
68.2730484009
23.2730464935
21.7269535065
66.7269515991
26.0194969177
141.507629395
18.9805030823
96.5076217651
63.9805030823
51.5076217651
108.980499268
6.50762176514
3.14099884033
48.1409988403
93.1409988403
138.140991211
118.210594177
73.2105941772
28.2105941772
16.7894058228
95.3833389282
89.6143264771
95.2197570801
50.3833389282
44.6143264771
50.2197570801
5.38333892822
0.385675430298
5.21975517273
39.6166610718
45.3856735229
39.7802429199
80.5006561279
35.5006523132
9.49934673309
54.4993476868
4.78420257568
49.7842025757
94.7842025757
139.784210205
1.94395446777
46.9439544678
91.9439544678
136.943954468
10.2047348022
55.2047348022
100.204734802
145.204742432
131.55770874
141.907196045
86.5577087402
96.9071960449
41.5577087402
51.9071960449
3.44229125977
6.90719604492
12.2778244019
57.2778244019
102.277824402
147.277832031
3.7586517334
48.7586517334
93.7586517334
138.758651733
72.5424499512
30.5170936584
27.5424499512
17.4575500488
59.4829063416
62.4575500488
29.8264064789
60.1735916138
132.298873901
87.2988739014
42.2988739014
2.70112609863
134.040969849
89.0409698486
44.0409698486
0.959030151367
19.6375961304
64.6375961304
109.63759613
154.63760376
85.64402771
40.6440238953
4.35597610474
49.3559761047
112.5
67.5
22.5
22.5
100.44921875
55.4492149353
10.4492149353
34.5507850647
12.7475738525
57.7475738525
102.747573853
147.747573853
6.20595550537
51.2059555054
96.2059555054
141.205963135
1.33874511719
46.3387451172
91.3387451172
136.338745117
21.0855712891
66.0855712891
111.085571289
156.085571289
151.643981934
61.2580871582
106.643989563
16.2580852509
61.643989563
28.7419147491
16.643989563
73.7419128418
90.180557251
45.180557251
0.180559158325
44.819442749
136.290771484
91.2907791138
46.2907791138
1.29077911377
15.4542274475
29.5457725525
74.5457763672
119.545776367
31.9623222351
14.0524673462
13.0376777649
30.9475326538
58.0376777649
75.9475326538
103.03767395
120.947532654
116.1118927
71.1118927002
26.1118888855
18.8881111145
41.9703063965
3.02969360352
48.0296936035
93.0296936035
37.1208724976
7.87912559509
52.8791275024
97.8791275024
70.2348403931
25.2348403931
19.7651596069
64.7651596069
81.0358581543
76.0836181641
36.0358581543
31.0836219788
8.96414375305
13.9163789749
53.9641418457
58.9163780212
76.7933044434
31.7933082581
13.2066926956
58.2066917419
124.429321289
34.4293212891
50.6132125854
140.613220215
99.9836730957
54.9836730957
9.9836730957
35.0163269043
57.5893135071
12.5893144608
32.4106864929
77.4106826782
20.5585098267
65.5585098267
110.558509827
155.558502197
0.525489807129
44.4745101929
89.4745101929
134.474517822
115.715484619
70.7154846191
25.7154846191
19.2845153809
68.5609130859
23.5609111786
21.4390888214
66.4390869141
18.7686004639
71.2313995361
120.998558044
75.9985580444
30.9985580444
14.0014419556
21.575958252
57.0085220337
66.575958252
111.575958252
147.008514404
156.575958252
133.537506104
96.4264221191
88.5375061035
51.4264221191
43.5375061035
6.42642211914
1.46249389648
38.5735778809
5.53385162354
50.5338516235
43.2255554199
95.5338516235
140.533843994
133.22555542
140.509170532
150.100402832
105.100402832
50.5091705322
60.100402832
15.100402832
75.1668014526
30.1668052673
14.8331956863
59.8331947327
134.666351318
89.666343689
44.666343689
0.333656311035
75.5272369385
30.5272369385
14.4727630615
59.4727630615
24.4687271118
20.5312728882
65.5312728882
110.531272888
29.4469108582
15.5530891418
60.5530891418
105.553085327
5.47947692871
95.4794769287
121.96232605
76.9623260498
31.9623222351
13.0376777649
8.46375274658
53.4637527466
98.4637527466
143.463745117
88.9477386475
104.134109497
80.8245315552
43.9477386475
59.1341133118
35.8245315552
1.05226325989
14.1341133118
9.17546844482
46.0522613525
30.8658866882
54.1754684448
22.5
67.5
112.5
157.5
65.797958374
24.2020378113
8.71469116211
81.2853088379
62.9734039307
60.1523094177
66.1457443237
57.4894485474
17.9734039307
15.1523094177
21.1457443237
12.4894485474
27.0265960693
29.8476905823
23.8542556763
32.5105514526
72.0265960693
74.847694397
68.8542556763
77.5105514526
111.219604492
66.2196044922
21.2196006775
23.7803993225
87.473815918
122.220596313
35.363368988
78.3692321777
42.4738197327
9.63663101196
33.3692359924
2.52618026733
32.2205924988
54.636631012
11.6307640076
47.5261802673
99.6366271973
56.6307640076
54.9711914062
35.0288085938
69.8532943726
24.8532962799
20.1467037201
65.1467056274
115.983268738
70.9832687378
25.9832687378
19.0167312622
37.5463943481
7.4536075592
52.4536056519
97.4536056519
141.355651855
96.3556594849
51.3556594849
6.35565948486
37.5684890747
7.43151092529
52.4315109253
97.4315109253
70.7397003174
19.2602996826
49.3109512329
40.6890487671
15.5072402954
60.5072402954
105.507240295
150.507232666
155.418640137
151.895782471
110.418640137
106.8957901
65.4186401367
61.8957901001
20.4186401367
16.8957901001
72.1106491089
27.1106491089
17.8893508911
62.8893508911
30.0408153534
37.5230941772
59.959186554
52.4769058228
72.1094970703
79.0346221924
27.1094970703
34.0346221924
17.8905029297
10.9653787613
62.8905029297
55.9653778076
6.20595550537
96.2059555054
17.2866668701
62.2866668701
107.28666687
152.28666687
64.3201675415
19.3201694489
25.6798305511
70.6798324585
17.1441726685
62.1441726685
107.144172668
152.144165039
123.134765625
78.134765625
33.1347618103
11.8652381897
144.441131592
99.4411392212
54.4411392212
9.44113922119
11.8803482056
56.8803482056
101.880348206
146.880340576
124.931587219
79.9315872192
34.9315872192
10.0684127808
125.224357605
80.224357605
35.224357605
9.77564239502
35.152557373
9.84744262695
54.847442627
99.847442627
117.166862488
27.1668624878
115.866462708
70.8664627075
25.8664627075
19.1335372925
156.214324951
111.214317322
66.2143173218
21.2143173218
79.1336364746
99.6062545776
91.0747070312
34.1336326599
54.6062545776
46.0747070312
10.8663663864
9.60625457764
1.0747051239
55.8663673401
35.3937454224
43.9252929688
30.9889431
59.0110549927
122.387985229
77.3879852295
32.3879890442
12.6120109558
151.947021484
106.947029114
61.9470291138
16.9470291138
43.3977661133
133.397766113
72.1227111816
27.1227149963
17.8772850037
62.8772850037
147.255905151
57.2559051514
20.5094223022
110.509422302
40.8281173706
49.1718826294
0.604568481445
89.3954315186
81.7372817993
8.26271820068
127.32648468
37.3264846802
27.0032081604
30.7739830017
17.9967918396
14.2260169983
62.9967918396
59.2260169983
107.996795654
104.226013184
138.721969604
93.7219696045
48.7219696045
3.72196960449
12.4024963379
32.5975036621
77.5975036621
122.597503662
19.3201675415
70.6798324585
9.39078903198
80.6092071533
59.0449714661
14.0449724197
30.9550285339
75.9550247192
3.1667098999
48.1667098999
93.1667098999
138.166717529
133.75050354
43.75050354
43.8179092407
133.817901611
131.790039062
24.3476142883
86.7900466919
20.6523857117
41.7900466919
65.6523895264
3.20995330811
110.652389526
18.1012954712
95.4794692993
71.3785247803
26.8987045288
50.4794692993
26.3785247803
71.8987045288
5.47947120667
18.6214752197
116.898704529
39.5205307007
63.6214752197
146.774475098
100.665817261
54.848690033
53.6649589539
146.406036377
101.774482727
55.665813446
9.84868907928
101.406036377
56.7744827271
10.665813446
35.151309967
36.3350410461
56.406036377
11.7744827271
34.334186554
80.1513137817
11.406036377
65.991317749
110.122161865
43.617805481
2.84617614746
65.1221618652
1.38219261169
47.8461761475
24.0086803436
20.1221656799
46.382194519
92.8461761475
24.8778343201
91.382194519
137.846176147
8.11860656738
53.1186065674
98.1186065674
143.118606567
21.0584869385
66.0584869385
111.058486938
156.058486938
147.999938965
102.999938965
57.9999389648
12.9999389648
95.0120010376
50.0120010376
5.01199913025
39.9879989624
18.7686042786
71.2313995361
6.87628936768
51.8762893677
96.8762893677
141.876281738
8.22808074951
53.2280807495
98.2280807495
143.228088379
59.5218734741
149.521881104
75.3346405029
30.3346405029
14.6653594971
59.6653594971
106.215187073
16.2151870728
64.3562316895
154.356231689
20.2395019531
65.2395019531
110.239501953
155.239501953
128.092803955
38.0928115845
34.5114784241
10.4885215759
55.4885215759
100.488525391
5.50917053223
109.836997986
64.8369979858
95.5091705322
19.8369979858
25.1630020142
109.77368927
78.9587554932
156.631958008
64.77368927
33.9587516785
111.631950378
19.77368927
11.0412473679
66.6319503784
25.22631073
56.0412483215
21.6319503784
147.124099731
102.124099731
57.1240997314
12.1240997314
47.146774292
53.0559654236
2.14677238464
8.05596542358
42.853225708
36.9440345764
87.853225708
81.9440307617
142.756439209
97.7564315796
52.7564315796
7.75643157959
145.345062256
100.345054626
55.3450546265
10.3450546265
153.509094238
141.239807129
63.5090866089
51.2397994995
150.246795654
105.246803284
60.2468032837
15.2468032837
150.618286133
105.618278503
60.6182785034
15.6182785034
111.167778015
21.1677780151
149.803955078
104.803947449
59.8039474487
14.8039474487
69.8532943726
70.5127868652
24.8532962799
25.5127868652
20.1467037201
19.4872131348
65.1467056274
64.4872131348
46.6022338867
1.60223579407
43.3977661133
88.3977661133
39.6985435486
5.30145645142
50.3014564514
95.3014526367
43.8706245422
1.12937545776
46.1293754578
91.1293792725
45.1198654175
0.11986541748
44.8801345825
89.8801345825
107.022628784
62.0226287842
17.0226287842
27.9773712158
111.856246948
66.8562469482
21.8562507629
23.1437492371
112.5
67.5
22.5
22.5
66.0311965942
21.0311985016
23.9688014984
68.9688034058
52.0778388977
55.1609115601
7.07783985138
10.1609134674
37.9221611023
34.8390884399
82.9221572876
79.8390884399
62.1441764832
58.3376541138
17.1441745758
13.3376531601
27.8558254242
31.6623458862
72.8558273315
76.6623458862
102.917053223
0.488716125488
82.1973190308
57.9170532227
44.5112838745
37.1973190308
12.9170532227
89.5112838745
7.80268192291
32.0829467773
134.511291504
52.8026809692
90.9985656738
45.9985656738
0.998565673828
44.0014343262
149.90536499
104.905357361
59.9053573608
14.9053573608
73.5541915894
28.5541915894
16.4458084106
61.4458084106
119.308311462
29.3083114624
121.763801575
76.7638015747
31.7638015747
13.2361984253
138.226455688
93.2264556885
48.2264556885
3.22645568848
43.6323242188
1.3676776886
46.3676757812
91.3676757812
58.6780853271
13.6780862808
31.3219146729
76.3219146729
63.4459495544
18.4459495544
26.5540504456
71.5540542603
41.1128883362
3.88711166382
48.8871116638
93.8871154785
37.6575965881
52.3424034119
72.6598052979
27.6598033905
17.3401966095
62.3401947021
156.681549072
20.0104446411
12.5737533569
156.715179443
111.681549072
65.0104446411
57.5737533569
111.715171814
66.6815490723
110.010444641
102.573753357
66.715171814
21.6815490723
155.010437012
147.573760986
21.715171814
147.429046631
20.4194717407
2.5059967041
102.429039001
65.4194717407
42.4940032959
57.4290390015
110.419471741
87.4940032959
12.4290390015
155.419464111
132.494003296
135.282409668
90.2824020386
45.2824020386
0.282402038574
113.623306274
154.320175171
20.7986488342
154.066375732
109.320175171
24.2013511658
109.066368103
23.6233024597
64.3201751709
69.2013549805
64.066368103
19.3201751709
114.20135498
19.066368103
94.0036849976
4.00368499756
22.5
67.5
112.5
157.5
95.5819854736
89.610458374
5.58198547363
0.389541625977
20.9925613403
65.9925613403
110.99256134
155.992553711
11.1900672913
33.8099327087
78.8099365234
123.809936523
43.1589126587
1.84108924866
46.8410873413
91.8410873413
85.8379211426
4.16207504272
13.6581859589
76.3418121338
56.1900672913
11.1900672913
33.8099327087
78.8099365234
60.0685920715
15.0685920715
29.9314079285
74.9314041138
59.1552848816
30.8447151184
91.4624862671
43.836856842
46.4624862671
1.46248817444
46.163143158
43.5375137329
48.8010177612
3.80101776123
41.1989822388
86.1989822388
64.3636398315
19.3636417389
25.6363582611
70.6363601685
54.5053863525
35.4946136475
144.505371094
148.409729004
54.5053787231
58.4097213745
28.6466255188
61.3533744812
62.8893508911
17.8893508911
27.1106491089
72.1106491089
32.3193016052
57.6806983948
145.965377808
100.965377808
55.9653778076
10.9653778076
63.9677047729
18.9677047729
26.0322952271
71.0322952271
128.228225708
83.228225708
38.2282218933
6.77177810669
65.1882247925
20.1882209778
24.8117790222
69.8117752075
