0.5230525768935976
0.5230525768935976
0.6369545805043222
0.6289021803931966
0.6369545303382016
0.6289025250095217
0.6419283791548399
0.6487779807049148
0.6419281788679376
0.6487782379999452
0.5868888408231785
0.6001818982794773
0.586888833158056
0.6001819303718825
0.5499035760894954
0.5282899610854632
0.5133920232999045
0.5400131014117532
0.5212686645379316
0.5069387601645401
0.5499035760894954
0.5282899610854632
0.5133920232999045
0.5400131014117532
0.5212686645379316
0.5069387601645401
0.5017753819062524
0.6918235449389063
0.8200150022827375
0.5017753819062524
0.6918235449389063
0.8200150022827375
0.5490376729833889
0.5177789942876353
0.5490376729833889
0.5177789942876353
0.7373593850759995
0.5233858141000534
0.6091145570495371
0.5105440391918522
0.5786164097288088
0.6988997310607162
0.5276194818033823
0.6656172293383121
0.5118106354709714
0.6290684896190298
0.7373593850759995
0.5233858141000534
0.6091145570495371
0.5105440391918522
0.5786164097288088
0.6988997310607162
0.5276194818033823
0.6656172293383121
0.5118106354709714
0.6290684896190298
0.5313680027892022
0.5313678820520983
0.6355337600604894
0.620911489169437
0.6355332458183849
0.620911888406703
0.5162098345081363
0.5268222719506955
0.5162098171608078
0.526822289081387
0.5683592861494663
0.5134846075658208
0.5728589205982142
0.5075952966973759
0.5683592861494663
0.5134846075658208
0.5728589205982142
0.5075952966973759
0.5433852260649052
0.5703168826481465
0.5552473232241039
0.5562589560663337
0.5204024775306328
0.5608457481786151
0.538384935194937
0.5440941136711002
0.5432700205906935
0.5635017389041864
0.5433852260649052
0.5703168826481465
0.5552473232241039
0.5562589560663337
0.5204024775306328
0.5608457481786151
0.538384935194937
0.5440941136711002
0.5432700205906935
0.5635017389041864
0.504650560594914
0.504650560594914
0.5117297117221467
0.5038987209310264
0.5404875516875155
0.5117296620505044
0.5038984837469943
0.5404884094552478
0.5094767814598269
0.5119618606577486
0.5094767814598269
0.5119618606577486
0.6007578202731966
0.6268129027467687
0.6112723499617378
0.6357613215720203
0.6007577460132123
0.6268129922565161
0.6112722721957983
0.6357610507901027
0.5537918313821134
0.5527668966894157
0.5537913566829359
0.5527672405891809
0.5113106375130146
0.5199764625737738
0.5113106375130146
0.5199764250755999
0.5988516642036413
0.5957837465504336
0.5988516642036413
0.5957837498642362
0.5128032359605156
0.5020849926254345
0.5128031020157688
0.502085158122623
0.5332680472092179
0.526053159855995
0.5332680472092179
0.526053159855995
0.5176441738940633
0.525136987951402
0.5155947216274575
0.5210002279104987
0.5176441738940633
0.525136987951402
0.5155947216274575
0.5210002279104987
0.5473438803899122
0.5585890121807977
0.5124566434996575
0.5451817750966413
0.5473437268698365
0.5585893719153091
0.5124566589082185
0.5451817252103576
0.5054185407573232
0.5054185407573232
0.5090835688507549
0.5090835688507549
0.5799991037042476
0.5165716134679795
0.5799989706757659
0.5165722139673247
0.5115691775768513
0.5115692056674275
0.519204765772767
0.5455826256429166
0.519204765772767
0.5455826256429166
0.567859967496419
0.5692432404337319
0.567859967496419
0.5692432404337319
0.680904048566974
0.622601101422586
0.6809043177373837
0.6226011824968132
0.5221881340362028
0.5049573192797998
0.5221881340362028
0.5049573192797998
0.5853283398319128
0.5600961206689032
0.5853283398319128
0.5600961206689032
0.5942066006816201
0.6243032994085772
0.5942071538336877
0.6243038151457103
0.5317637856828851
0.5333769513466488
0.5317637856828851
0.5333769513466488
0.5458632536015342
0.6584642146732334
0.6446011427683176
0.6259440932992676
0.5485219464812382
0.6460279224500325
0.6348103052081636
0.5951693028084812
0.5458632536015342
0.6584642146732334
0.6446011427683176
0.6259440932992676
0.5485219464812382
0.6460279224500325
0.6348103052081636
0.5951693028084812
0.5012831302976035
0.5012830331743916
0.5168522076388599
0.51452614656153
0.5168522076388599
0.51452614656153
0.5586746401837376
0.5635640585275261
0.5581464662064636
0.5767264831975507
0.5586746401837376
0.5635640585275261
0.5581464662064636
0.5767264831975507
0.5935622861216294
0.5810081073448067
0.5935622861216294
0.5810081073448067
0.5252550212420766
0.5029087140526155
0.5252550212420766
0.5029087140526155
0.5038898130701014
0.5929626998950938
0.5644416580799948
0.567529569734839
0.5086195268185885
0.5038898183739792
0.5929625710205418
0.5644416580799948
0.5675296925996813
0.5086195268185885
0.5082618877534558
0.5082618877534558
0.5475062567476069
0.5023497657370025
0.54592661231168
0.5475062567476069
0.5023497657370025
0.54592661231168
0.5048387316009811
0.5048387316009811
0.5142274987997137
0.5353618852913102
0.5142274987997137
0.5353618852913102
0.5694744465206353
0.5235928433890658
0.5678539927426787
0.5102706874839873
0.5694744465206353
0.5235928433890658
0.5678539927426787
0.5102706874839873
0.5382312784599967
0.5382312784599967
0.506068141717265
0.506068141717265
0.6752155194220174
0.6119411304942007
0.6752155194220174
0.6119411304942007
0.5131547918477495
0.5142003285349768
0.5131547918477495
0.5142003285349768
0.5939122614204976
0.5915085475053014
0.5939122614204976
0.5915085475053014
0.5028482203575563
0.5028482203575563
0.5118533286859267
0.5118533286859267
0.5098861286685483
0.5098861286685483
0.6297838955803678
0.6392846943063936
0.6469049661526165
0.6322942755757351
0.6567238892669306
0.665885239138392
0.6297841604223539
0.6392850796403482
0.6469048976586551
0.6322941682104232
0.656724154142518
0.6658854891311601
0.5540026622357395
0.6174930840066175
0.5848752334617122
0.5771486789869603
0.5189260732162884
0.6520072145297648
0.6017586731126761
0.5817568813006284
0.554002628251609
0.6174930970091459
0.5848752334617122
0.5771486137201189
0.5189260073973766
0.6520072088773201
0.601758636798055
0.5817566735914714
0.5591083339419779
0.5055338295580986
0.5696794407439171
0.5042456814014177
0.5591083339419779
0.5055338295580986
0.5696794407439171
0.5042456814014177
0.5066949048190481
0.5139326058424379
0.5066949048190481
0.5139326058424379
0.63709350362589
0.5826477789068786
0.63709350362589
0.5826477789068786
0.5407099784170585
0.5158721867915621
0.5407098360114885
0.5158728364307036
0.5745170126138248
0.5596762545216483
0.5745170126138248
0.5596762545216483
0.6847768266243173
0.7035941059246822
0.6847768321718588
0.7035939887011472
0.5504606789302451
0.5482715280909961
0.5504606789302451
0.5482715775910552
0.6367476437683623
0.6437717520528076
0.6367476437683623
0.6437717520528076
0.5142420740057527
0.500467368466707
0.5142420740057527
0.500467368466707
0.6328348483011845
0.6927395156821051
0.6328348483011845
0.6927395156821051
0.5075234581097356
0.5346994231789997
0.5075234581097356
0.5346994231789997
0.5846660794746044
0.5069309625412706
0.5885978141264326
0.5183727897810552
0.5846660345964085
0.5069305794578683
0.5885977777383629
0.5183727897810552
0.6399526685793311
0.6868201334379436
0.504084770881458
0.6399526685793311
0.6868201334379436
0.504084770881458
0.5027489743993234
0.5003894159390709
0.5027489743993234
0.5003894159390709
0.504531731968009
0.504531731968009
0.5593202044238952
0.531226551902791
0.5601771562281789
0.5382346464221589
0.5593201147298326
0.531226551902791
0.5601770977597472
0.538234529891594
0.5271977804251828
0.5271977804251828
0.5335284285825439
0.5357947790645115
0.5335284285825439
0.5357947790645115
0.5156358637774854
0.5065585866853846
0.5156358032664395
0.5065585620092087
0.5463056073960865
0.5322488071943358
0.5463056073960865
0.5322488071943358
0.5754280056892714
0.5700540171281621
0.5754285107176883
0.5700538658173583
0.6080234860671614
0.6007896275279382
0.6080234860671614
0.6007896275279382
0.7192721308070055
0.6801987714713774
0.7192721308070055
0.6801987714713774
0.6422999399717493
0.630025128875728
0.6422999399717493
0.630025128875728
0.6433592721881691
0.6361388548871265
0.6433592721881691
0.6361388548871265
0.5206732700491892
0.5206731005100141
0.5325179342878021
0.5197320077820702
0.5200931194515787
0.5325179342878021
0.5197320077820702
0.5200931194515787
0.516012092845916
0.5487323335822204
0.5410909965805698
0.5204856113979943
0.516012092845916
0.5487323335822204
0.5410909965805698
0.5204856113979943
0.5320175034759983
0.623677241213109
0.5276467788769896
0.6022757048035026
0.5320175034759983
0.623677241213109
0.5276467788769896
0.6022757048035026
0.5063349683797622
0.5063345578438277
0.5383197472989856
0.5122554898532714
0.5239874736602775
0.5383196291935799
0.5122552950251111
0.5239875147087676
0.5529688328339578
0.5241561081208308
0.5529687725652542
0.5241565495913512
0.5363940126464123
0.5779823643400754
0.5363943250838531
0.5779817932604843
0.5337899087243763
0.5651132393803983
0.5337898195104833
0.5651132393803983
0.5007766540378366
0.5007766540378366
0.5218440161581139
0.5101367153331421
0.5218440161581139
0.5101367153331421
0.5166677333733887
0.5225281294033423
0.5166677333733887
0.5225281294033423
0.5366090795300187
0.5145899312141038
0.5366091081724323
0.5145898258578101
0.5503323775009841
0.5300953244780234
0.5503319316510157
0.5300950765218037
0.5622919335176573
0.5613300987918378
0.5622919897351117
0.5613301234978971
0.5091672678734317
0.5403456158093901
0.5091672678734317
0.5403456158093901
0.5103263130822298
0.5103263130822298
0.5724929916347603
0.5509613882421457
0.5655221378414916
0.5210641610536203
0.5724929916347603
0.5509613882421457
0.5655221378414916
0.5210641610536203
0.5050316626466835
0.50978123288446
0.5050316626466835
0.50978123288446
0.5447739375158438
0.560302864340114
0.544773882016893
0.5603028301159281
0.6614515686256339
0.6519494072064614
0.6614515686256339
0.6519494072064614
0.6607079678475765
0.6324045991835614
0.501162917881572
0.6607079106966408
0.6324045301347935
0.5011629457983487
0.5861240996258865
0.5870029005109156
0.5861239634048815
0.5870028695028542
0.6016817271557618
0.5551287622411728
0.6016818703137579
0.5551286731524324
0.5654177258371188
0.5169807393135318
0.5654178006944083
0.5169805953684816
0.5907172833549619
0.5878352830800435
0.5907174707343413
0.5878353315139128
0.5162310119110947
0.5057447575325194
0.5162310119110947
0.5057447575325194
0.5731359348703278
0.5803978406112429
0.5731359348703278
0.5803978406112429
0.5389084295181733
0.5389084295181733
0.5925841438597035
0.6354190845181722
0.5925841438597035
0.6354190845181722
0.5182553121738033
0.5182553121738033
0.5133540543115948
0.512025359506844
0.5133540543115948
0.512025359506844
0.532881795308704
0.5023983262333733
0.5328818276647929
0.5023981700872159
0.5455812936588726
0.5672824219372585
0.5455812936588726
0.5672824219372585
0.5119730924444398
0.5119730924444398
0.512690876091285
0.5126908913492387
0.5022703165337377
0.5022703165337377
0.6249603438508605
0.5495064083174107
0.5333389142528994
0.5334167298260849
0.6193421506898473
0.5625825511072596
0.504318242930851
0.5271025217631912
0.6249603011454453
0.5495063437085863
0.5333389142528994
0.5334166857670583
0.6193421506898473
0.562582520171242
0.504318242930851
0.5271024992368276
0.5314180662274212
0.5513499912442955
0.5094655511765795
0.5331165956543219
0.5513499912442955
0.5314180662274212
0.5513499912442955
0.5094655511765795
0.5331165956543219
0.5513499912442955
0.621546548360135
0.5892376661870911
0.5945548981301363
0.5818062470919254
0.6215465162800272
0.5892375032035994
0.5945555741597685
0.5818067108860632
0.5905469843419318
0.5894613723738251
0.5905467093391596
0.5894619312300607
0.531812307448048
0.5318122662428587
0.5482471718175785
0.5502148761548378
0.5482471718175785
0.5502148127357492
0.5436326292161368
0.5299886520479596
0.5436326292161368
0.5299886520479596
0.5430956182562711
0.5430956182562711
0.512146363491093
0.5129403632565661
0.512146363491093
0.5129403632565661
0.5174548879787236
0.51765437324533
0.5174548879787236
0.51765437324533
0.5349736548661324
0.5072054653354435
0.5349736548661324
0.5072054653354435
0.5519857099111545
0.5593706429036747
0.5519857099111545
0.5593706429036747
0.5029981664110981
0.5226818804942793
0.5029981664110981
0.5226818804942793
0.5361820512239028
0.5331010228237404
0.5361819398300604
0.5331013263589011
0.5376637348873475
0.5326825505917344
0.5376637348873475
0.5326825505917344
0.5613896958377137
0.571080282444945
0.5613896958377137
0.571080282444945
0.6460186084879098
0.625549616864624
0.6460186084879098
0.625549616864624
0.5577388521859616
0.5548592031729853
0.5577388955661896
0.5548598540535455
0.664075150353474
0.754098790533861
0.6640747830972595
0.7540992542101901
0.7024865635373421
0.6782417634341084
0.7024866565591752
0.6782422700437872
0.5166100774054316
0.5043519369236147
0.5166100774054316
0.5043518553021213
0.5128535354499748
0.5128535354499748
0.5603684226836182
0.6008971738736714
0.6376712742925771
0.5521217683559223
0.6001916180730416
0.6746883034699512
0.5603684226836182
0.6008971738736714
0.6376712742925771
0.5521217683559223
0.6001916180730416
0.6746883034699512
0.5984179453749696
0.619074518191588
0.6763167305785878
0.6188150709825587
0.5984179453749696
0.619074518191588
0.6763167305785878
0.6188150709825587
0.5027811729442597
0.5027814944617601
0.5589295721297605
0.561329657352265
0.5589295721297605
0.561329657352265
0.5367687016251573
0.5341629931417046
0.5226936224446294
0.5345293213973484
0.5042040840458273
0.5367688019505924
0.534163223236976
0.5226931553866111
0.5345292339131908
0.5042039450799018
0.5888458745068855
0.5592881716598043
0.5553842298830395
0.5156669893389079
0.5888458745068855
0.5592881716598043
0.5553842298830395
0.5156669893389079
0.5173836699271974
0.5173835244488971
0.55033381052655
0.5526284821494762
0.55033381052655
0.5526284821494762
0.5453542459837698
0.5517902110139862
0.5453542459837698
0.5517902110139862
0.5259219134004265
0.5259219134004265
0.505285935822691
0.5429115103260982
0.5345452823052947
0.5484598866608063
0.505285935822691
0.5429115103260982
0.5345452823052947
0.5484598866608063
0.5255583340767396
0.5233050507644648
0.5255583340767396
0.5233050507644648
0.5298409479147232
0.5092497550454871
0.5249376394670291
0.5298409479147232
0.5092497550454871
0.5249376394670291
0.5234626020006871
0.5123649169614337
0.523462567525223
0.5123649169614337
0.5252540389753314
0.5252540389753314
0.5838369092677498
0.5846747620635965
0.5838369092677498
0.5846747620635965
0.508544649023814
0.508544649023814
0.5225070885536015
0.5171581231454688
0.5225070885536015
0.5171581231454688
0.5334878348523513
0.5334878348523513
0.5147819170993143
0.5315588127520863
0.5147820241244
0.5315588484469431
0.5120371233929151
0.5120371233929151
0.5070926037823215
0.5070926037823215
0.6039723198719315
0.5969160365452958
0.603972321679035
0.5969160365452958
0.6875622941627806
0.5963283906348141
0.6747967892351252
0.5786864355622094
0.6875622941627806
0.5963283906348141
0.6747967892351252
0.5786864355622094
0.5992489364848509
0.5957986094678994
0.5992489364848509
0.5957986094678994
0.642377394198457
0.6237030207451884
0.642377394198457
0.6237030207451884
0.5562418962967411
0.5638360517538527
0.5577874899274297
0.5765982763502815
0.5562418962967411
0.5638360517538527
0.5577874899274297
0.5765982763502815
0.5908409941245143
0.6027444411797055
0.5908409941245143
0.6027444411797055
0.5168984577621679
0.5168984577621679
0.5031031835219589
0.5031034093131833
0.5475161647562461
0.5475161647562461
0.522143859036138
0.5403602079270936
0.522143859036138
0.5403602079270936
0.5084816112103236
0.5084816112103236
0.5798396651447465
0.6107979914846722
0.5798396651447465
0.6107979914846722
0.5808511954908722
0.5715492983044865
0.5808511954908722
0.5715492983044865
0.6991239648047111
0.726643480944816
0.6991239648047111
0.726643480944816
0.7098275396639648
0.7255542734723861
0.7098275396639648
0.7255542734723861
0.5963871225740979
0.5980771136252668
0.5963871225740979
0.5980771136252668
0.5292411894154281
0.5518191729403777
0.5292412965453234
0.5518191486572582
0.529870197075863
0.529870197075863
0.5317026777570856
0.5386793242011616
0.5317026777570856
0.5386793242011616
0.5132589201429244
0.5132589201429244
0.6186096426564349
0.5814517522352877
0.6186096426564349
0.5814517522352877
0.5170464157582776
0.5151228279420025
0.5170463887381886
0.5151228150029311
0.5675842794870072
0.5766639540502445
0.5675842159935063
0.576664138039289
0.5790290292729008
0.5417917757217233
0.5790283923230659
0.5417927257454451
0.5017935756121018
0.5017932953381995
0.6501843021662339
0.6483275129107845
0.6501845045437563
0.648327989841826
0.5216062797577479
0.5216062797577479
0.504602634161678
0.504602634161678
0.5162506152847663
0.5162506152847663
0.5738457868909875
0.5809764444577127
0.5738457868909875
0.5809764444577127
0.5137860028340061
0.5273722918894832
0.5137860028340061
0.5273722918894832
0.6106358723790011
0.5996445327661137
0.6106358723790011
0.5996445327661137
0.5325308608820901
0.5410082602959619
0.5325308608820901
0.5410082602959619
0.5099407597552377
0.5099407597552377
0.5186061962020431
0.5186061657348008
0.6804568201393565
0.8179280408870194
0.6804566567247546
0.8179281510123886
0.5058674566288608
0.5058672800756645
0.517058819807051
0.5127876371318586
0.517058819807051
0.5127876371318586
0.5704486626972813
0.5077843329283956
0.5751430676250043
0.5258271034011912
0.5704488552914418
0.5077840936454543
0.5751433355866263
0.5258275063937696
0.5054541389747689
0.5128440140305588
0.5054541389747689
0.5128440140305588
0.53526661332857
0.5704920315037446
0.53526661332857
0.5704920315037446
0.533358988994358
0.5562556304761082
0.533358988994358
0.5562556304761082
0.5104812960500484
0.5104812960500484
0.5637855695629183
0.5127076280875769
0.5344701039615317
0.5054966649607497
0.5637855695629183
0.5127076068171039
0.5344700056548217
0.5054966212703972
0.5057671782701877
0.5008965015942821
0.5057671782701877
0.5008965015942821
0.520523147542167
0.5322323942293791
0.520523147542167
0.5322323942293791
0.5574523200010048
0.5276452258530766
0.5574523200010048
0.5276452258530766
0.5991276104120611
0.5913667106885148
0.5991276104120611
0.5913667106885148
0.5275389030469056
0.5275389030469056
0.5468677980587935
0.6227616474849921
0.531672687176105
0.6254570805634899
0.5468677980587935
0.6227616474849921
0.531672687176105
0.6254570805634899
0.520510484078723
0.5094945767547543
0.520510484078723
0.5094945767547543
0.5626039680595417
0.5032931792474373
0.573875684279205
0.5405786565726536
0.5626039680595417
0.5032931792474373
0.573875684279205
0.5405786565726536
0.5609200548494896
0.6345525110348791
0.5880551834550202
0.5156954871306065
0.6788101801220355
0.5848831996930047
0.5609200548494896
0.6345525110348791
0.5880551834550202
0.5156954871306065
0.6788101801220355
0.5848831996930047
0.5319471128744432
0.5429955590613086
0.5319472351502991
0.5429955459779003
0.5100235998507626
0.5100235998507626
0.5240098469232427
0.5150534147824177
0.5240098469232427
0.5150534147824177
0.5132441380080816
0.5202550661802667
0.5132441380080816
0.5202550661802667
0.5504856483685292
0.5522742197327876
0.5504856483685292
0.5522742197327876
0.546505385793036
0.5142403918184103
0.546505385793036
0.5142403918184103
0.5063666840948332
0.5022425537346378
0.5063665661747798
0.5022426257912037
0.529804825147334
0.5535537018989415
0.529804825147334
0.5535537018989415
0.5840216473385079
0.595369481693873
0.5840217465137969
0.5953697284989531
0.6261739345913091
0.6032237572256646
0.62617380452709
0.6032243308498035
0.5678785505477443
0.5654335586764327
0.567878382996909
0.565434113951216
0.6343526176301862
0.6333802128585349
0.6343526176301862
0.6333802128585349
0.5095151168925923
0.5198889779216561
0.5095151168925923
0.5198889779216561
0.5344294859853878
0.5369955922283413
0.5344294859853878
0.5369955922283413
0.5073701948734621
0.5428431328236587
0.5073701948734621
0.5428431328236587
0.512205315958305
0.5193759967430671
0.512205315958305
0.5193759967430671
0.5195837737835194
0.5195837737835194
0.5033816667150556
0.5184270557761202
0.5033816667150556
0.5184270557761202
0.5461161202194755
0.5461161202194755
0.5032831873862595
0.5083983573871221
0.5032831873862595
0.5083983573871221
0.566781814798292
0.5473749326718299
0.566781814798292
0.5473749326718299
0.5024912500786809
0.5167844064214323
0.5064660747771665
0.5185028836834544
0.5024913079776577
0.51678454697777
0.5064658925973509
0.5185028287108181
0.5261571009999818
0.5549062866043956
0.5261571009999818
0.5549062866043956
0.515506593827929
0.5155063445056849
0.5515732403972972
0.521589890038364
0.5669916222086874
0.5515732403972972
0.521589890038364
0.5669916222086874
0.6031675908829918
0.5717499084804054
0.603167407801476
0.5717498305602063
0.5851927303477636
0.5936329644932499
0.5851927303477636
0.5936329644932499
0.5207971961660856
0.5004209480434235
0.5207969665341534
0.5004209858411528
0.609451941684813
0.5762436705697874
0.609451941684813
0.5762436705697874
0.516920011740724
0.516920011740724
0.5001376867622582
0.5001376867622582
0.5302157770577358
0.5245552273783198
0.5302157770577358
0.5245552273783198
0.5266498193681954
0.5266496483220313
0.531117716930704
0.5157008848498482
0.5311177561792912
0.5157008848498482
0.6034581887436244
0.5636923182206329
0.5106082943912873
0.6034581887436244
0.5636923182206329
0.5106082943912873
0.557679272729489
0.5814018918392926
0.5576793772034901
0.581402151051093
0.5997869035833205
0.5443354699758023
0.5997870360789731
0.5443352230864684
0.544349643403602
0.5484432327574449
0.544349643403602
0.5484432327574449
0.5446378510925394
0.5571314624703745
0.5446378510925394
0.5571314624703745
0.5149965027943145
0.5149965027943145
0.7483873787002638
0.7010274741731742
0.7483873787002638
0.7010274741731742
0.5084635929009532
0.5084635929009532
0.7150324602121716
0.6832107657396833
0.7150324602121716
0.6832107657396833
0.524336328988612
0.5213477661409134
0.524336328988612
0.5213477661409134
0.5532111531202674
0.558840720563141
0.5532111531202674
0.558840720563141
0.5757328891510816
0.5823656508753474
0.5757328891510816
0.5823656508753474
0.6686396166012437
0.6767401797267808
0.6686396166012437
0.6767401797267808
0.5357045864145122
0.5357044370726586
0.6232037326700187
0.6216813548022664
0.6232037966433092
0.6216813548022664
0.5184820339299228
0.5410832601463463
0.5184820339299228
0.5410830945458455
0.5046564239513591
0.5132920551943975
0.5046563089772547
0.5132921569958836
0.5354882945503009
0.5312923739782537
0.5354882945503009
0.5312923739782537
0.5082186840929359
0.5082186840929359
0.5625927274861424
0.5328594932945897
0.5625926784798868
0.5328594932945897
0.5883428554500929
0.5957101953044167
0.5883427866016462
0.5957100525870548
0.5454346724712508
0.5296249326806711
0.5454346724712508
0.5296249326806711
0.5978960406909787
0.5988521879054796
0.5978958398542199
0.5988525705322316
0.5073328653594193
0.507332841426852
0.5035504775216241
0.5035504775216241
0.5234498074689922
0.5467870658796182
0.5234498074689922
0.5467870658796182
0.6018174296180909
0.6013770704471685
0.60181741567175
0.6013770101073619
0.5779186473963507
0.5859902017044055
0.5779186473963507
0.5859902083581087
0.5488720699389102
0.5488720699389102
0.6371046599703831
0.5977561306575129
0.6371046389820384
0.5977562104364914
0.5252400998887781
0.505389565320425
0.5252401500057896
0.5053895605421397
0.5130682298791226
0.513067818389754
0.5547155102123619
0.5558707328422433
0.5547157254932699
0.5558710589114033
0.597472357629767
0.5870747872505654
0.5974728149338764
0.587074560541309
0.5659616672778561
0.5698562105572187
0.5659616558333319
0.5698568089781655
0.714025999971062
0.6603688145335961
0.7140258657392106
0.6603694791195635
0.5286611075516324
0.522688514680271
0.528661530630785
0.5226888640689595
0.5101008535040266
0.5093019384620048
0.5101009133480795
0.5093019457853281
0.5531993537241799
0.5465414366636171
0.5227093510919267
0.544155303761059
0.5531993537241799
0.5465414366636171
0.5227093510919267
0.544155303761059
0.6085949809336471
0.5724825824730455
0.5980612368110746
0.6437751046449252
0.5531309477386621
0.5987350169613258
0.6085949809336471
0.5724825824730455
0.5980612368110746
0.6437751046449252
0.5531309477386621
0.5987350169613258
0.5130759820617309
0.5130759820617309
0.688913011979936
0.5810210999946043
0.5525381223297375
0.5604492675777768
0.6581880142438822
0.5755941394075869
0.5517712712494313
0.5386331016194918
0.688913011979936
0.5810210999946043
0.5525381223297375
0.5604492675777768
0.6581880142438822
0.5755941394075869
0.5517712712494313
0.5386331016194918
0.6048789541725513
0.5297460518715816
0.5611798668149279
0.5382486824300114
0.552022078496618
0.6048789541725513
0.5297460518715816
0.5611798668149279
0.5382486824300114
0.552022078496618
0.5559649293823761
0.5799827612644524
0.5559649293823761
0.5799827612644524
0.5254796813383638
0.5276159028100256
0.5254796813383638
0.5276159028100256
0.5014768260622522
0.5153724181860352
0.5014768246661985
0.5153724181860352
0.5072960651842279
0.5072960651842279
0.5263405724987058
0.5133144252779126
0.5263405724987058
0.5133144252779126
0.5059757692162206
0.5157676978445989
0.5059758392222242
0.5157682485829383
0.5502942837663392
0.5482069092952047
0.5707150859003665
0.5198304608539938
0.5502940969167196
0.548206889355239
0.5707149637598027
0.5198304608539938
0.5102386048397556
0.5258933942316588
0.5321527569894762
0.5102386534088375
0.5258934495649007
0.5321527271662454
0.5273993320879627
0.5336266919858761
0.5273992386433349
0.5336266461945058
0.532826671366765
0.532826671366765
0.6158378088895312
0.5408584394062113
0.6572370222917117
0.6302999765697064
0.5906708363927996
0.5298171410656627
0.6781483884116751
0.6134375179167011
0.6158379195906859
0.5408585291215693
0.6572370369140709
0.6302997238658695
0.5906709825390953
0.5298170690539846
0.6781480608110483
0.6134371173584517
0.5595899122331989
0.5640339592451941
0.5595899122331989
0.5640339592451941
0.5437874123172438
0.5147258091249356
0.5464351854698711
0.5306238006754422
0.5483504820495295
0.5156757476803076
0.5405649642167676
0.5296363000350388
0.5437874123172438
0.5147258091249356
0.5464351854698711
0.5306238006754422
0.5483504820495295
0.5156757476803076
0.5405649642167676
0.5296363000350388
0.5992880823466273
0.5892862352812908
0.5050205743611046
0.5992880207136303
0.5892862566867293
0.5050205424818273
0.6702065142206788
0.709770324264947
0.6702063831197951
0.7097695729885951
0.5083419006761052
0.5083419006761052
0.5634237034951635
0.536278631863259
0.5634237034951635
0.536278631863259
0.5880032830481701
0.545319015950573
0.5880032934576914
0.5453191533436481
0.5679498937930372
0.5645989437272428
0.5377390340299688
0.5164181229112954
0.5679491718601773
0.5645983801151846
0.5377398565766355
0.5164189259969914
0.5033591600435638
0.5998498034638544
0.5171528943209075
0.5901000304627031
0.5033588565940575
0.5998493453161426
0.5171536007726716
0.5901003597667308
0.5431649802415227
0.5157260391851322
0.5431649802415227
0.5157260391851322
0.509068762305012
0.5572813901683104
0.509068762305012
0.5572813901683104
0.5719724488223107
0.5636372048317322
0.5719724488223107
0.5636372048317322
0.5806810991122747
0.5611887671911095
0.5806810991122747
0.5611887671911095
0.5430514267797171
0.5388988287002723
0.5430515255350505
0.5388986862987739
0.561894227883703
0.6719719420628629
0.5525797342019463
0.5825565816911066
0.780791898022498
0.5197682405350292
0.561894227883703
0.6719721829515881
0.5525797329059113
0.5825567220065113
0.7807921239072351
0.5197683537174516
0.5138941821170083
0.5354326106411924
0.513894110610039
0.535433336666017
0.585132203493404
0.5867912068358294
0.5851322070213445
0.5867911730582384
0.6198831493591094
0.6361919271862153
0.6198830259858671
0.6361919271862153
0.5404339937821481
0.5148168630975901
0.5404339053651437
0.5148167726259316
0.5539131932763252
0.5707722334983525
0.5539133281571323
0.5707722735350572
0.5080096186434332
0.5134382132155705
0.5080094931229198
0.513438034565183
0.778110641348405
0.6904836226069317
0.778110641348405
0.6904836226069317
0.5148734837342993
0.5148738783020899
0.6399311530096132
0.5249133132652877
0.6582371237458914
0.6399311530096132
0.5249133132652877
0.6582371237458914
0.5609170562809492
0.5584186546024393
0.5609168389659437
0.5584185930461701
0.5095090461972033
0.5095090461972033
0.5760199475102209
0.5284206500096175
0.5164587072521333
0.6361798896292439
0.5388530924070641
0.5130124750306629
0.5760199475102209
0.5284206500096175
0.5164587072521333
0.6361798896292439
0.5388530924070641
0.5130124750306629
0.5100922898398815
0.5100922898398815
0.6452955903876427
0.6015304790413498
0.6981661894381351
0.5559316847697032
0.6452955903876427
0.6015304790413498
0.6981661894381351
0.5559316847697032
0.6709309632556153
0.635682268401253
0.6709309632556153
0.635682268401253
0.6042239771956839
0.63930604754751
0.5138239070834782
0.6042239771956839
0.63930604754751
0.5138239070834782
0.5075479351183182
0.5075479351183182
0.5413787754779766
0.5701066478335017
0.5413787754779766
0.5701066478335017
0.5312595098574215
0.5015840582827715
0.5312595098574215
0.5015840582827715
0.5085103370706743
0.5024191485582722
0.5085103370706743
0.5024191485582722
0.550316054074939
0.5287786151956588
0.550316054074939
0.5287786151956588
0.5107996875156463
0.5107996875156463
0.5087199202511238
0.5087199202511238
0.5134675252049391
0.5394136052019954
0.5134675252049391
0.5394136052019954
0.5289139757369137
0.5258812401318795
0.5289136391604281
0.5258814373961451
0.5991621202689548
0.5704543628330095
0.5991622678266396
0.5704547674494266
0.5574099644765892
0.5625696751911594
0.5574105514754739
0.5625698141286246
0.5104376824212723
0.5095383389515847
0.5104380462737051
0.5095384692391351
0.5693888459401435
0.5785994504258092
0.5693897321811564
0.5785997115369135
0.5410930269501154
0.5194980320138493
0.5410930035519006
0.5194984305544209
0.5641906012583684
0.5613309109688426
0.5641906012583684
0.5613309109688426
0.5092282703372104
0.5390272079888397
0.5092282703372104
0.5390268616929932
0.5050039658820444
0.5050039658820444
0.5088966477578593
0.5206103176550997
0.5234851901250278
0.5088966477578593
0.5206103176550997
0.5234851901250278
0.5383087897721353
0.5374105844801882
0.5383087897721353
0.5374105844801882
0.5144319144117614
0.5144318803125836
0.5462046134572341
0.5918751483819692
0.5462046134572341
0.5918751483819692
0.5389856801883948
0.5357998948635235
0.5389856801883948
0.5357998948635235
0.5735796259752772
0.6111149897004282
0.5735796259752772
0.6111149424045283
0.5535434904215124
0.5533001174117567
0.5535434904215124
0.5533001174117567
0.5352304886048299
0.5664304832863718
0.5352313167399763
0.566430682398849
0.5080659797132925
0.505259508474897
0.5080659797132925
0.505259508474897
0.5042561012219327
0.5145956456943733
0.515215201261567
0.5307127634214659
0.5042561012219327
0.5145956456943733
0.515215201261567
0.5307127634214659
0.5152357278149009
0.5152357278149009
0.5108749434325629
0.5567249973598667
0.544280114593107
0.5108749434325629
0.5567249973598667
0.544280114593107
0.6996547136705962
0.6825690014264634
0.6996547010044616
0.6825689742902622
0.5234277296945765
0.5352113969335617
0.5234276863372835
0.5352111723848687
0.5077159874184892
0.6119153683840183
0.50979978431775
0.6067313501328292
0.5077159874184892
0.6119153683840183
0.50979978431775
0.6067313501328292
0.6381386803767588
0.6541012446126914
0.6381386591608246
0.6541011210438215
0.5101607291763909
0.5155466313984824
0.5101606588689398
0.5155465714633058
0.620037693497667
0.6289622512106797
0.6200374810207258
0.6289622512106797
0.5618586588064431
0.5812443934685081
0.5618586588064431
0.5812443934685081
0.538235462688238
0.5513227353188903
0.538235462688238
0.5513227353188903
0.5143883384514756
0.5143883384514756
0.5392784278192425
0.5252825269842376
0.5392784278192425
0.5252825269842376
0.5225961024570892
0.5426564307866016
0.5423385619159019
0.513459626941172
0.5225961024570892
0.5426564307866016
0.5423385619159019
0.513459626941172
0.5124554115570422
0.5124559695560942
0.5465682271225689
0.5204211192326186
0.5523083498501018
0.514930938946212
0.5465682271225689
0.5204211192326186
0.5523083498501018
0.514930938946212
0.52353437019699
0.5403927284929596
0.5685901027648919
0.5121106378993344
0.5127648186012901
0.5593229474590258
0.5235344263673596
0.5403927528593995
0.5685901364807765
0.5121108142377991
0.5127648732643126
0.5593229891531675
0.5327235860716394
0.5507274826944903
0.5327235860716394
0.5507274570936549
0.5158067278577287
0.5158066980516185
0.5293655460030281
0.5312676450190151
0.5293654684920803
0.5312676288870412
0.5446851545058772
0.5619870696293403
0.5446851545058772
0.5619870696293403
0.5374026550218625
0.5336763452690386
0.5374026550218625
0.5336763452690386
0.5464271806102502
0.5099571491690689
0.5464278606599836
0.5099574952134398
0.6042081377787063
0.6273320445607701
0.6042089760054278
0.6273324227154529
0.5257857222141961
0.5033564660124148
0.5198354849505922
0.5285157640003074
0.507517766062391
0.5257857245801124
0.503356456103806
0.5198354314671461
0.528515720309061
0.5075177498199552
0.5675161849944491
0.556237156631222
0.5675161849944491
0.556237156631222
0.5033583163703421
0.5033583900707734
0.7691600277668402
0.7258812747815171
0.7691601079457581
0.7258809927411585
0.7325359987390463
0.71407939974206
0.732536170501593
0.7140793500423737
0.5694047990630249
0.5722816223080125
0.5694048870612592
0.5722815322570373
0.5223814001317066
0.5223814001317066
0.5652037002581336
0.5557101385630833
0.5652037200826799
0.5557096117677579
0.5544970102248029
0.5319873821263368
0.5565498877194875
0.5544967778777273
0.531987665572794
0.5565494136247454
0.5280588143618378
0.5755511565032673
0.5280588143618378
0.5755514572304403
0.5695973706359838
0.5411199825202825
0.5695973520012133
0.5411196343634849
0.581132633869808
0.5599552866164293
0.5811325020129455
0.5599557344319579
0.5226731859633996
0.5233623508309114
0.5226731904440786
0.5233622741091817
0.5419515069853964
0.5549579487074854
0.5419513160998197
0.5549578071707825
0.6234712824862292
0.6513774091906884
0.6234710466863622
0.6513776545192139
0.66704780963189
0.6783978684800682
0.66704780963189
0.6783978684800682
0.5307858185676656
0.5307858185676656
0.5510086473526685
0.5081655801343782
0.5510086910210596
0.5081655000974964
0.5485455542576497
0.5467149912907876
0.5485452533278594
0.5467152506756511
0.576424275386514
0.577195763254892
0.576424275386514
0.577195763254892
0.7225362533869485
0.6604895947006786
0.7225362533869485
0.6604895947006786
0.6067326839982714
0.6095500316461613
0.6067327618783614
0.6095499415743294
0.5042784328931352
0.5042788248730578
0.6091583668961787
0.6253780461239515
0.5955204844333123
0.5840888306065943
0.6091578471648137
0.6253776829403509
0.5955208687460376
0.5840892233754614
0.5730676985344807
0.5406411672357461
0.614633166726753
0.5730672605317647
0.5406414000589781
0.6146334239763556
0.5897070060971118
0.6608943627093383
0.589707063338732
0.6608943627093383
0.5046605410692844
0.5337670629577564
0.5046605410692844
0.5337670629577564
0.5101448509501876
0.5085343990045057
0.5101449688467944
0.5085347661380468
0.519245905711739
0.6030542098852191
0.5025412907702586
0.5948430947973057
0.5192455719896247
0.6030540487119277
0.5025422009374878
0.5948438772382904
0.5397163760090719
0.5251346592956819
0.5390975888376661
0.5172857044874777
0.5397163760090719
0.5251346592956819
0.5390975888376661
0.5172857044874777
0.552280995331964
0.5069772080830347
0.552280995331964
0.5069772080830347
0.5678421242668326
0.5309273117241664
0.5678421532918361
0.5309271926407414
0.5242883117542245
0.528556749113997
0.5242883504440202
0.5285570151078947
0.5651121623455404
0.5324008899616318
0.5651121623455404
0.5324008899616318
0.5020740641995132
0.5020739921617694
0.5085279159817708
0.5083545884045803
0.5085279159817708
0.5083547935364817
0.5501621311941388
0.5461031460215944
0.5501621311941388
0.5461031460215944
0.5343045559387346
0.5484739735921877
0.5343045559387346
0.5484739735921877
0.6336723274070485
0.5756419817886302
0.5257712499587648
0.5747595902532475
0.5793833082524944
0.5381846000824602
0.5147440955451082
0.5690258468234095
0.6336723274070485
0.5756419817886302
0.5257712499587648
0.5747595902532475
0.5793833082524944
0.5381846000824602
0.5147440955451082
0.5690258468234095
0.533143959821618
0.5256945026497993
0.533143959821618
0.5256945026497993
0.5147946813684006
0.5039374334522175
0.5147946813684006
0.5039374334522175
0.5057036085457853
0.5030564380344675
0.5057036085457853
0.5030564380344675
0.6132986302618442
0.6065253501189146
0.6132985119531839
0.6065253501189146
0.5931849134307355
0.5643371017853319
0.5647327520838336
0.5422935968949175
0.5904989482808694
0.5403561658139708
0.5460080281955356
0.535818556787378
0.5931848818839237
0.5643370469960031
0.5647326710210141
0.5422935276602968
0.5904988085356201
0.5403561086357854
0.5460080281955356
0.5358185370354743
0.6014657700319246
0.6349110955355278
0.6014657306370852
0.6349115337297998
0.5140510944445368
0.5140513165719313
0.5847733019431332
0.5853272954505023
0.5363508298257711
0.5770589529756158
0.570858277723357
0.5579138618673176
0.584773856324744
0.5853277480349312
0.536350849218194
0.5770591506315875
0.5708584245295112
0.5579139911448958
0.6235825439369754
0.6423201399117957
0.6235825439369754
0.6423201399117957
0.5277380860400065
0.5309197405242454
0.5193725271086285
0.501928013751042
0.5277380860400065
0.5309197405242454
0.5193725271086285
0.501928013751042
0.5568761176028114
0.5548682005031893
0.5568761176028114
0.5548682005031893
0.5280717575988071
0.5489760544495524
0.5280716485504584
0.5489760544495524
0.5045399107274758
0.510742728847271
0.5045399107274758
0.510742728847271
0.7050011026433464
0.7660853355132762
0.7050011026433464
0.7660853355132762
0.5345824375329816
0.5153296591936123
0.5345824375329816
0.5153296591936123
0.5990174399522549
0.6047708132207338
0.5990174399522549
0.6047708132207338
0.6510740444517333
0.5603966792074088
0.6510740275706319
0.5603966792074088
0.6518884960062997
0.6160014056541868
0.6518885095108036
0.6160014926033417
0.5162843415548197
0.5162843415548197
0.5372848923190764
0.5519147137147855
0.5372848923190764
0.5519147137147855
0.5354583829243351
0.5545596359650693
0.5354583396867704
0.5545595924411657
0.5678741509724793
0.5274647523204804
0.5678741509724793
0.5274647523204804
0.5166193797523505
0.5179904071447968
0.5166191415221438
0.5179903328800364
0.5203314377615698
0.5424508202484241
0.5065807129641485
0.5203316832331053
0.5424508202484241
0.5065802688166522
0.5305891091762596
0.5288946566487481
0.5305889003134567
0.5288947540691216
0.5312971208938553
0.5312976244455728
0.5569651501206668
0.5559829677814727
0.5569652846248169
0.5559832383159365
0.7163319582882722
0.6650008368814396
0.7163329099200941
0.6650007198505821
0.6029475584608823
0.649094501445232
0.5113519772263143
0.6029475584608823
0.649094501445232
0.5113519772263143
0.5826676954476383
0.5987232875055796
0.5826676954476383
0.5987232875055796
0.5834978571688721
0.5630988975658142
0.5834978571688721
0.5630988975658142
0.5780209497186525
0.6220523248491538
0.5780208729585573
0.6220522740043769
0.5042523005719596
0.5042521784019219
0.5375492758867871
0.5319132699837702
0.5375492758867871
0.5319132699837702
0.5164723978300901
0.5134626253656468
0.51647246195157
0.5134625240908404
0.5202753960348325
0.5202753960348325
0.5755517349686532
0.5380977968478398
0.6146566619198873
0.5280524734170454
0.5782814753267052
0.5549966692800594
0.6250169071190917
0.5153204292637729
0.5755517349686532
0.5380977968478398
0.6146566619198873
0.5280524734170454
0.5782814753267052
0.5549966692800594
0.6250169071190917
0.5153204292637729
0.5682862752532784
0.5425229390129085
0.5682862752532784
0.5425229390129085
0.5344339943744377
0.5492817465749267
0.5344339943744377
0.5492817465749267
0.5091101683881422
0.5091102168841373
0.5091102168841373
0.5091102321411779
0.5672545073104648
0.6564545218356083
0.5205600106927735
0.5552805949509348
0.6816990604294801
0.5672545073104648
0.6564545218356083
0.5205600106927735
0.5552805949509348
0.6816990604294801
0.5574127545260303
0.5747868309983473
0.5574127545260303
0.5747868309983473
0.5210282235962687
0.5210282235962687
0.5110043006643056
0.5110043006643056
0.5019703600880403
0.5026267933561489
0.5019703600880403
0.5026267933561489
0.5300750323969413
0.5294282220031119
0.5300750323969413
0.5294282220031119
0.5823283673149956
0.6248349220190583
0.5823283673149956
0.6248349220190583
0.5057813204422733
0.5057813204422733
0.5409387264013797
0.5309722539988635
0.5409388310815413
0.5309720942826444
0.658791056709865
0.605324264370866
0.658791056709865
0.605324264370866
0.5097899608233128
0.5097899608233128
0.5072234668274703
0.516872724690126
0.5072234668274703
0.516872724690126
0.6030539858633792
0.6272641714967243
0.5930608020598902
0.6211978063968001
0.6030539858633792
0.6272641714967243
0.5930608020598902
0.6211978063968001
0.5268761625043793
0.5004629743261422
0.5574159942304729
0.5268761723096876
0.5004630552217574
0.5574160178945381
0.5077511215301539
0.5588902352367752
0.5276940600810234
0.5055671819647705
0.5243978822823022
0.5821276816073212
0.5077511215301539
0.5588902352367752
0.5276940600810234
0.5055671819647705
0.5243978822823022
0.5821276816073212
0.7171888023887778
0.646856785328252
0.7171888023887778
0.646856785328252
0.595545162499353
0.6467730319597688
0.5955447625159173
0.6467735518583473
0.5304315802373861
0.5305988970571878
0.5304315802373861
0.5305988970571878
0.5082438826787622
0.5082438826787622
0.5198546855599783
0.5198546639221348
0.5913724894955795
0.6063664954822338
0.5913724894955795
0.6063664954822338
0.6255037112291073
0.6169985125852403
0.6255037112291073
0.6169985125852403
0.5006263601965487
0.5006263601965487
0.5902870407867755
0.5078159516863195
0.59949317418326
0.5260114482123535
0.5902870407867755
0.5078159516863195
0.59949317418326
0.5260114482123535
0.650086492281297
0.5353542326918346
0.6405908205269432
0.621307639600092
0.5482154989438693
0.616259099462307
0.5016021183767583
0.650086492281297
0.5353542967452288
0.6405908205269432
0.621307639600092
0.5482156198327766
0.61625921681557
0.5016021183767583
0.5542943768285078
0.5903912560516538
0.5542943768285078
0.5903912560516538
0.5433523303514486
0.5481843297385236
0.5433523303514486
0.5481843297385236
0.5347019966857218
0.5120254716055498
0.5347019966857218
0.5120254716055498
0.5059180122281781
0.5186241341742245
0.5059178228527244
0.5186241461224663
0.5000270969332503
0.5000270969332503
0.5973539170557803
0.5452992736291971
0.6078779378606426
0.5517076580262705
0.5973539170557803
0.5452992736291971
0.6078779378606426
0.5517076580262705
0.6070116239202981
0.6171222956516066
0.6070116239202981
0.6171222956516066
0.5118580795142876
0.5118580795142876
0.546400258945641
0.5551122677826053
0.546400258945641
0.5551122677826053
0.5738581691630973
0.5829633109211401
0.5738581691630973
0.5829633109211401
0.5409875222106325
0.5409875222106325
0.5675379954840655
0.5032106523685645
0.5467201143714661
0.5172561704687438
0.5675379640457652
0.5032100837112504
0.5467199780586574
0.5172562521130301
0.553041016717307
0.5341234829943083
0.553041016717307
0.5341234619644976
0.5672235902403185
0.5525156921571172
0.5759225308009017
0.5352344193948873
0.5672234254175648
0.5525157346406311
0.5759228416822773
0.5352349451507445
0.5173780752601614
0.5173780752601614
0.5601225631957782
0.5678882709319056
0.5601225631957782
0.5678882709319056
0.5196572650451056
0.5099174999912396
0.5196575121918837
0.5099174397285591
0.6107090075637649
0.623050054334131
0.610708434888824
0.6230501511850888
0.5779706415498685
0.5527186965940788
0.5779706415498685
0.5527186965940788
0.5325963908638671
0.5325963280404664
0.539619122522279
0.5336791110218247
0.5396188473343579
0.5336789454160721
0.514188064036845
0.5302018229317174
0.5141881719437171
0.5302018183644919
0.6120754223262053
0.6141958517446221
0.6120751557079589
0.6141964289890759
0.5510646648740835
0.5478459054181013
0.5502557449726316
0.5520759441263019
0.5510648211938038
0.5478461167457406
0.5502551334247541
0.5520760326809183
0.5542850902041985
0.5541199231582425
0.5542850902041985
0.5541199231582425
0.5236480877945291
0.5236480877945291
0.7061527916551805
0.6581748264415045
0.7061528418376898
0.6581749412823448
0.5664963869625165
0.5711746180420229
0.5664963869625165
0.5711746180420229
0.7056784642048997
0.6635443172859293
0.7056786853981726
0.6635443119093429
0.501752725656664
0.50175276486135
0.5113200759594603
0.5464456712576476
0.5113200759594603
0.5464456712576476
0.5469995268444494
0.5469995268444494
0.500880941443127
0.5459392134009997
0.500880941443127
0.5459392134009997
0.5687951656745935
0.5272497894575682
0.6278974740355951
0.5944389510191402
0.5244005107956647
0.6590236622100926
0.5687951656745935
0.5272497894575682
0.6278974740355951
0.5944389510191402
0.5244005107956647
0.6590236622100926
0.5218075986680633
0.5361505040889815
0.5218075986680633
0.5361505040889815
0.5085442861576149
0.5180200368914494
0.5085442861576149
0.5180200368914494
0.5317338262477525
0.5138898147549685
0.5317338262477525
0.5138898147549685
0.5599289457291823
0.5065904031158329
0.5854910548521316
0.5599289457291823
0.5065904031158329
0.5854910548521316
0.5694263909774523
0.5733902855163102
0.5694263909774523
0.5733902855163102
0.5440232786625647
0.5581228584142549
0.5440232786625647
0.5581228584142549
0.5584462724041155
0.5386425453356567
0.5584462724041155
0.5386425453356567
0.5903389684160504
0.5751096209960702
0.5903392307709577
0.5751097272578571
0.6531365824797727
0.712515179038372
0.6531365824797727
0.712515179038372
0.562347440372003
0.6710439770790736
0.562347440372003
0.6710439770790736
0.6312025722959024
0.6904093432635341
0.6312025722959024
0.6904093432635341
0.6422478791963863
0.7023730273568272
0.6422478791963863
0.7023730273568272
0.6091251662892258
0.5626579698017198
0.6091251824613817
0.5626578801462775
0.5104483277007792
0.6877039428471644
0.506473189234707
0.7062049324758276
0.5104483277007792
0.6877039035723358
0.5064731677659702
0.7062049239530813
0.5000392962933066
0.5000392962933066
0.6172065783115938
0.6244872203632958
0.6172065783115938
0.6244872203632958
0.5071044752876444
0.5071044752876444
0.5682612304765117
0.5454555384673181
0.5682612685770402
0.5454553421808771
0.5269421047746662
0.5089722809311763
0.5269421047746662
0.5089722809311763
0.5296111515874258
0.5405210045897125
0.5296111515874258
0.5405210045897125
0.5916807906072595
0.6506213972939174
0.5916807906072595
0.6506213972939174
0.5185129558992074
0.5107558585153926
0.502913492097971
0.5012439636030995
0.5092847154385353
0.5185129558992074
0.5107558585153926
0.502913492097971
0.5012439636030995
0.5092847154385353
0.5748045064913045
0.5522081117351189
0.5504702137065071
0.5764738372797104
0.549149339153763
0.5407842065570319
0.5748045064913045
0.5522081117351189
0.5504702137065071
0.5764738372797104
0.549149339153763
0.5407842065570319
0.5074368529044913
0.5074369881092377
0.5183424111299748
0.5526570321466252
0.5183418716918039
0.5526574985257234
0.5264532747792452
0.5393245283242057
0.5264532747792452
0.5393245283242057
0.7016605352745564
0.6712855405731426
0.7016605704654243
0.6712856040629562
0.5349092997637269
0.5126078975297919
0.5349092997637269
0.5126078975297919
0.5541192527620598
0.5615096656141081
0.5541192527620598
0.5615096656141081
0.556589479650197
0.5501985018054794
0.556589479650197
0.5501985018054794
0.5241027386969922
0.5010591326503105
0.5241026990273885
0.5010592304128231
0.5769798594978384
0.5232718021060354
0.5769798594978384
0.5232718021060354
0.5453777067107756
0.5335819921677674
0.5453775366880644
0.5335821521494528
0.5130920906727706
0.5130920906727706
0.5211230417572135
0.5211230551647886
0.5689837571719278
0.5660636572648927
0.5689838337574443
0.5660636572648927
0.5078903158868248
0.5078904191984086
0.5993035954085114
0.6117641743630224
0.5993035954085114
0.6117641743630224
0.5393286223423067
0.5138710629896429
0.5393286223423067
0.5138710629896429
0.5224876177070292
0.5224876177070292
0.5019420388701783
0.5019420388701783
0.5116702041072984
0.5134406863720612
0.5116702041072984
0.5134406863720612
0.5007917206937772
0.5007917206937772
0.5188717200968227
0.5288308660668287
0.5188717200968227
0.5288308660668287
0.5468779215978379
0.546782262924607
0.5726810873703476
0.5490805907800648
0.5468779215978379
0.546782262924607
0.5726810873703476
0.5490805907800648
0.7595205756138625
0.6691693727484234
0.7595205756138625
0.6691693727484234
0.5892261050436033
0.5704080426750631
0.5851172253169752
0.5252667220967429
0.5892261050436033
0.5704080426750631
0.5851172253169752
0.5252667220967429
0.5339478298192902
0.547423296203098
0.5339478298192902
0.547423296203098
0.5507092221730735
0.5576697024927666
0.5507094449996811
0.5576695623597909
0.6724431545037637
0.7342314368850863
0.6724431545037637
0.7342314368850863
0.5053310258910535
0.5053310258910535
0.5216957430051634
0.5216956119898053
0.5085779892423823
0.5085779892423823
0.5779627893375504
0.5487162318859571
0.5779627893375504
0.5487162318859571
0.512803098159532
0.5056474535872559
0.5128033999931032
0.5056475271805941
0.5564281196349349
0.521554183315315
0.5534140490416105
0.5305777740690497
0.5564281036446311
0.5215538081405328
0.5534142592505338
0.5305781878904207
0.5633934772353413
0.5691167461730912
0.5633934772353413
0.5691167461730912
0.6847736211585754
0.660569282610269
0.6847736211585754
0.660569282610269
0.5182866882161339
0.5182866882161339
0.5447619070060418
0.5487719931023911
0.5447619070060418
0.5487719931023911
0.5036533292954948
0.5036533292954948
0.5421430289566018
0.5531013506705164
0.5421434389217742
0.5531011023327153
0.5232387197725025
0.5225485988340259
0.5232387197725025
0.5225485988340259
0.6213971932739908
0.6241150640530805
0.5012645478246082
0.6213974523697549
0.6241152233126854
0.5012644778444524
0.5373125216606991
0.5373124075359472
0.5680480949160651
0.5533771212940911
0.5680480949160651
0.5533771212940911
0.5835951429368528
0.5837009741463226
0.583595156977118
0.5837010332252032
0.553853305619322
0.5278812046473929
0.553853305619322
0.5278812046473929
0.511384453608272
0.511384453608272
0.5626913319115269
0.5409495563173784
0.5626914057510138
0.540949563898544
0.6971800127712546
0.6352514629761555
0.6971801375985055
0.6352514528600095
0.5578397123064482
0.5496630961646368
0.5578394699501302
0.549663381634485
0.5393348559180923
0.5420304026451696
0.5393340925931563
0.5420307611979054
0.5364456536294252
0.537676366174396
0.5364451949082537
0.537676726883006
0.5530395789185507
0.5356036335503594
0.5530395789185507
0.5356036335503594
0.502031656536306
0.5022651314420642
0.5020318135407822
0.5022651458504184
0.5648833561190122
0.5649734972567977
0.5648833561190122
0.5649734972567977
0.5489153988984221
0.581358152458286
0.6050160611116949
0.5489158876796539
0.5813583180958457
0.6050163676438728
0.5096723860906749
0.5221520067299733
0.5096730512550413
0.5221529777680372
0.5397968277364855
0.5397969708526654
0.5205416116452362
0.5205416116452362
0.51523741922817
0.5428204158320211
0.51523741922817
0.5428204158320211
0.5725934359156909
0.5549079205839514
0.5725937276549767
0.5549079847934939
0.5382853971174886
0.5552900581203428
0.5382854405077477
0.5552899964061389
0.5351073077131432
0.5651789303969803
0.5261728252017501
0.5609961885836279
0.5351073077131432
0.5651789303969803
0.5261728252017501
0.5609961885836279
0.5038129510098452
0.5056439026047508
0.5038129510098452
0.5056439026047508
0.5504404873747409
0.5222068368580213
0.5504404873747409
0.5222068368580213
0.5285831808019463
0.5438346629308234
0.5285831892096713
0.543834684271164
0.531175401191133
0.5553614116689387
0.5311754081444187
0.5553611994693182
0.5682311905169598
0.5449299463563873
0.5682314392928298
0.5449298434369233
0.504639785546022
0.5460354824316717
0.504639785546022
0.5460354824316717
0.5955339405359478
0.551188477340812
0.5955338331388412
0.5511887391872797
0.5466365614704243
0.5477180862364398
0.5466365614704243
0.5477180862364398
0.5029524983513348
0.5029524983513348
0.5219934185707749
0.5219934185707749
0.5395243493587366
0.511598383729314
0.5395243119316123
0.5115982983374145
0.5005784440780975
0.5005784440780975
0.5190967275941445
0.5309234143861572
0.5190968720023613
0.5309233709904283
0.5189707639075329
0.5092859574398017
0.5189707617458355
0.5092859344119643
0.514312405453038
0.5143122679669705
0.5301919339969704
0.5183891714810348
0.5301919339969704
0.5183891714810348
0.5272367559128732
0.5067495699808968
0.527236827660755
0.506749414596643
0.5875981006791169
0.5997688937053477
0.587597501536678
0.5997692399406153
0.6348259133777611
0.6664361695512191
0.6348259133777611
0.6664361695512191
0.5682591271960491
0.5488626167451588
0.5682591271960491
0.5488626167451588
0.6710810630605593
0.7190965735005793
0.6710811812973463
0.7190965139604324
0.5408915691607009
0.5638975642716959
0.5408915691607009
0.5638975642716959
0.5290655231363266
0.5736139630488686
0.5290650595494913
0.573614997464117
0.5479514289968768
0.5469354247779016
0.5479514289968768
0.5469354247779016
0.5553831002765952
0.5791880446303842
0.5553831002765952
0.5791880446303842
0.5304341839721207
0.5244404952721636
0.5304343020832322
0.5244401771578028
0.7148665737562084
0.6520695088044428
0.7148665737562084
0.6520695088044428
0.5662797174574351
0.5815970053580352
0.5662797201563987
0.5815970533567961
0.5644725781627815
0.5392162462421336
0.5644724843423988
0.5392162307538227
0.5587181356352839
0.6089146841711403
0.5587181356352839
0.6089146841711403
0.6375560577036621
0.574367672848892
0.6375562702142005
0.5743675093446098
0.5590770958380332
0.5695613197406618
0.5590770028560735
0.5695614146029858
0.5276696089718931
0.5445266027877862
0.5276697344197863
0.5445267085935215
0.6238004569996789
0.6626255441351353
0.6238004749952851
0.662625421639471
0.5177938878786562
0.6326818080226763
0.5366458932885262
0.6479701903122548
0.5177937113197119
0.632681747617133
0.5366464622463921
0.647970334174497
0.5176818795449901
0.5343549991045168
0.5174219175571659
0.5294427345867198
0.5358373512027049
0.5176818795449901
0.5343549991045168
0.5174219175571659
0.5294427345867198
0.5358373512027049
0.600561049650214
0.5919783270763933
0.6005609917205773
0.5919782713344144
0.5665991515805114
0.5400502187660087
0.5312130109639768
0.5150571129920978
0.566598627534071
0.540049383496233
0.5312138427663299
0.5150579953335502
0.5816400688853616
0.5704677266740266
0.581640134499773
0.5704677175274313
0.5108646272236606
0.5108647251756501
0.5537436602423658
0.5679418668888316
0.5537436602423658
0.5679418668888316
0.5272413916947499
0.5272409890890892
0.5299005175398731
0.5269571598041646
0.5299005723690191
0.5269572484531871
0.5614215317876924
0.5552880804713471
0.54436632144209
0.5822350864573611
0.5614216766873549
0.555288210604735
0.5443665473533918
0.5822355170904984
0.5009893220077674
0.5038843936010742
0.5009893062032504
0.5038843588757371
0.5243168259906447
0.530767529494974
0.5243168259906447
0.530767529494974
0.5842453386559389
0.5635791960464045
0.5842453386559389
0.5635791960464045
0.5641000258768757
0.564777876320997
0.5641000258768757
0.564777876320997
0.574075255994176
0.5846338369097853
0.5740754092603001
0.5846338369097853
0.6579804798710707
0.670364245204818
0.6579804798710707
0.670364245204818
0.5001723501667474
0.5222626693685715
0.5051580023084741
0.5001726970675816
0.5222624756918034
0.5051578503642817
0.6037082982834464
0.6078420981494846
0.6037080406232697
0.607842701277648
0.629192452608449
0.6591101920153773
0.6291924578326892
0.65911085184368
0.5064224498963813
0.5128223679245826
0.5239378935650902
0.5064225261093518
0.5128223088645599
0.5239378162206807
0.587298200670123
0.619716580072854
0.5872982839985971
0.6197163539239253
0.5615305366615263
0.5800568881634091
0.5615305366615263
0.5800568881634091
0.5192271443270836
0.5213663948950656
0.519226919727422
0.5213666324497341
0.5385593820880022
0.5467663517174403
0.5385593536211969
0.5467661269302861
0.5148964877686236
0.5214293150254867
0.5148962572574147
0.5214293446059673
0.5047677537889346
0.5047677537889346
0.5520525446535102
0.5520525446535102
0.5662500485334017
0.5387153937774657
0.5662500485334017
0.5387153937774657
0.5024019474418226
0.5024019474418226
0.5377910689959017
0.5480924912341442
0.5377911116208418
0.5480924912341442
0.507332808729934
0.507332808729934
0.6005473050750404
0.6715839942622277
0.6005474552538927
0.6715839257375326
0.6557005737113923
0.6845852384856178
0.6557005737113923
0.6845852384856178
0.5328007394872277
0.5192132297085659
0.5328007394872277
0.5192132297085659
0.5084207709467279
0.5084207709467279
0.5124618341535506
0.5027986404470599
0.5124618341535506
0.5027986237052612
0.5020231191789556
0.5062266159508674
0.5020231552522776
0.5062265365014267
0.5075546970489292
0.5075546120352328
0.5231477269085842
0.5231483352867528
0.5095323784233905
0.5761782955816868
0.5095323784233905
0.5761782991428971
0.5394603075698962
0.5388896714719245
0.5394603751525732
0.5388895161228778
0.5114804273352469
0.5042911818114468
0.5171203916290772
0.5114805783627283
0.5042910678864377
0.5171204620598147
0.5295255797151707
0.5825201774521238
0.5295256734272347
0.5825201637068407
0.5156759949619546
0.521712377178442
0.5156759232633272
0.5217124862656611
0.5100929136721434
0.5100928760647682
0.540915891666259
0.5409158625463331
0.6188859399346549
0.6157051551194879
0.5957995520660665
0.6515778140225039
0.618885514193026
0.6157045616946539
0.5957998345601822
0.6515783409867624
0.5032000176688342
0.6942390166412061
0.6220855846690287
0.5075387845133953
0.8048204649850091
0.6328704893369824
0.5031999882901314
0.6942391379067604
0.6220855492662418
0.5075387304457664
0.8048204191733803
0.6328704893369824
0.5292406008038928
0.5025631795245122
0.5220578481526981
0.529240604322318
0.5025631428831954
0.5220578481526981
0.5172722040511917
0.5172722566643589
0.5148160774746336
0.5148160774746336
0.6056675697390346
0.5463000946916696
0.6056676506257366
0.5463000832934127
0.5070466381408322
0.5070467996189624
0.5323379240340186
0.5323379753682655
0.5982718652528809
0.5834430045967351
0.5982716578011482
0.5834435754193518
0.5059423485855997
0.5673788133867446
0.5165097409885469
0.5538705988732393
0.5059422398419771
0.5673785768587294
0.5165099244903114
0.5538711653618434
0.5723983222352336
0.572795977754716
0.5723982608407493
0.5727961146479997
0.5357312787842631
0.5459118360367191
0.5357312787842631
0.5459118156027877
0.5163262946932257
0.5559122917403421
0.5163262946932257
0.5559122917403421
0.5179728103972046
0.5179725692465799
0.538240062641943
0.5294120627586856
0.538240062641943
0.5294120627586856
0.5205921583903526
0.5188008192136313
0.5205921583903526
0.5188008126488289
0.5591401145103749
0.5596252418634579
0.5591401478800565
0.5596250921749919
0.5040483175962697
0.50437139270769
0.5040483175962697
0.50437139270769
0.6046386526027687
0.6528324780657111
0.6046386526027687
0.6528324780657111
0.593662866498728
0.5964008969763002
0.593662866498728
0.5964008969763002
0.5236007311713216
0.5499205812087424
0.5233635352501892
0.5351801923559275
0.5236007311713216
0.5499205812087424
0.5233635352501892
0.5351801923559275
0.5169528789266772
0.5115744376656339
0.5169528789266772
0.5115744376656339
0.5140645930792361
0.5206484314079117
0.5140643729687651
0.5206483830150376
0.5189254516102598
0.510332346082658
0.5189254365914373
0.5103319279270747
0.6419771707616597
0.6138616388670852
0.5185460852614212
0.6419771707616597
0.6138615145499792
0.5185459614646886
0.5227170406587398
0.5176304906727143
0.5227170406587398
0.5176304906727143
0.5025906104634768
0.5025906104634768
0.5423096725771218
0.5115218715152734
0.5423096725771218
0.5115218715152734
0.576952925908361
0.5603543102176133
0.576952802197897
0.5603545337623085
0.5496175090483805
0.5652562287716028
0.5496175090483805
0.5652562287716028
0.5310033592235991
0.5428453966937583
0.5310033592235991
0.5428453966937583
0.5525038304056817
0.5525035173795251
0.6697302879318033
0.7209450995918885
0.6697302879318033
0.7209450995918885
0.6261484093225066
0.6414675616913073
0.6261484093225066
0.6414675616913073
0.5183165287823013
0.5091235252080998
0.518316531363396
0.5091234662596764
0.5917395043354555
0.6642930805725159
0.5357790469858952
0.7198403866750029
0.5917390659668368
0.6642927369148914
0.5357788772721591
0.7198406576511355
0.5393553832315855
0.5393560247708963
0.5891446174515255
0.5755976340740571
0.5891440501399904
0.5755981217498719
0.5711108930265996
0.5656716284925906
0.5711109634691761
0.5656719181191675
0.5058645717893352
0.5058646517853691
0.5071135827435166
0.5071135827435166
0.5794989450042565
0.5794989450042565
0.5140370246941871
0.519532925115964
0.5140370246941871
0.519532925115964
0.6154600500738936
0.6163376097656873
0.6154602580191924
0.6163374695267829
0.5300697485033361
0.5300699138169352
0.515420566762019
0.5339550576957077
0.5154202212917314
0.5339552653309355
0.5326321667058354
0.5326320876989952
0.5209009459916045
0.507928120030503
0.5209012223318176
0.5079281047403914
0.7135965470589931
0.7534908017404902
0.7135959786970527
0.7534917733939004
0.520887860671857
0.5215337024771834
0.520887860671857
0.5215337024771834
0.5074243573664168
0.5111699462108441
0.5019817917893867
0.5454633894072807
0.5074242736503354
0.5111702002331091
0.5019814848509638
0.5454634034430882
0.5304702874893115
0.5239604509860248
0.5304704286771105
0.5239603711762991
0.5527241779580514
0.5490070213866665
0.552724216078297
0.5490074458467336
0.6042340014541379
0.5684714344355263
0.5104088269872281
0.6214632383825737
0.5421155868850209
0.5323062524411775
0.6042340014541379
0.5684714344355263
0.510408771704933
0.6214632383825737
0.5421155419141254
0.5323062524411775
0.510245779441445
0.5093904130954785
0.510245779441445
0.5093904130954785
0.5201394738262424
0.5127276273419695
0.5201394738262424
0.5127276273419695
0.5414376009868987
0.5587070029307526
0.5414376009868987
0.5587070029307526
0.5358504097675397
0.5239314617525264
0.5358504097675397
0.5239314617525264
0.60476088294118
0.5415000848416256
0.6440656738023386
0.5428688963226682
0.60476088294118
0.5415000848416256
0.6440656738023386
0.5428688963226682
0.5758919266526371
0.5952320787669858
0.5758919266526371
0.5952320787669858
0.5185790336783359
0.5003835900174334
0.5185790336783359
0.5003835900174334
0.5166767640325026
0.5353144818753285
0.5404838971535051
0.5166767640325026
0.5353144818753285
0.5404838971535051
0.5001818265121296
0.5001820573210606
0.609254823875843
0.6137875679801249
0.609254823875843
0.6137875679801249
0.5315905549287391
0.5220574462378752
0.5315905549287391
0.5220574462378752
0.519154604363961
0.5274039260496437
0.519154604363961
0.5274039260496437
0.695118331546722
0.6174233619119732
0.6951182913348558
0.6174233619119732
0.5295689845377802
0.5516108399204578
0.5295688673391767
0.551611125358163
0.5014549001154462
0.5143882505449788
0.5014549001154462
0.5143882505449788
0.5364939343186484
0.5574735354469091
0.5364939343186484
0.5574735354469091
0.6040938016263574
0.5927037793956381
0.6040939033344213
0.5927035107776254
0.62824368748989
0.5624938070533714
0.6282437083205485
0.5624939072343754
0.53110112562669
0.5303997262098112
0.5311009832766186
0.5303996361723365
0.5206521361751929
0.5681163158126
0.5448010216738315
0.5197466860526118
0.5206521361751929
0.5681163158126
0.5448010216738315
0.5197466860526118
0.5322422995047403
0.5063295504041716
0.5322422995047403
0.5063295504041716
0.5305726666405324
0.5330598248139096
0.5305726666405324
0.5330598248139096
0.6263847358195989
0.6163009329563152
0.6263847358195989
0.6163009329563152
0.5471755061286939
0.6167329781566611
0.5459668920160395
0.5832420674496467
0.5471755061286939
0.6167329781566611
0.5459668920160395
0.5832420674496467
0.511330220148869
0.5145672487923968
0.5113304916177096
0.5145672498802205
0.5464406314881938
0.5399438929811393
0.5464406314881938
0.5399438929811393
0.5987979632481654
0.6369250780114507
0.5987981955729046
0.6369253078822754
0.5852728941334332
0.5802638663819941
0.5852729317118901
0.5802638792288267
0.5826712060414476
0.5699809211001046
0.5622073422563926
0.5770702377184239
0.5826712060414476
0.5699809211001046
0.5622073422563926
0.5770702377184239
0.7547941361456809
0.6974720817059216
0.7547941361456809
0.6974720817059216
0.5227213435434491
0.5227213435434491
0.504137262912798
0.504137262912798
0.5282540354584377
0.5181214155688263
0.5282542096258968
0.5181214770894434
0.5240002242103403
0.5692924778084517
0.5240002242103403
0.5692924778084517
0.5932059129251078
0.5913513954550595
0.5932059476184148
0.5913513562609144
0.5979460476801977
0.5415234981855086
0.5979460476801977
0.5415233474898663
0.50710188438681
0.5079090140540008
0.5071023456917071
0.5079093657188885
0.6019716235291804
0.5911742252977171
0.6019716235291804
0.5911742252977171
0.5062218688440161
0.5062210465698987
0.623384284149813
0.6702502257254479
0.623384284149813
0.6702502257254479
0.5605541372578822
0.5001813210933228
0.5604464583058779
0.5605541503464244
0.5001810589392625
0.560446420389291
0.5083905525429162
0.5629517492712216
0.5506210327148438
0.5534047306655986
0.5083905822497586
0.5629512863226024
0.5506210327148438
0.5534053419254269
0.6311638568437541
0.5881856580976873
0.5042216041333764
0.6311638568437541
0.5881856580976873
0.5042216041333764
0.5118345053329499
0.547158652309634
0.5489028483272895
0.5118345053329499
0.547158652309634
0.5489028483272895
0.5234829521520591
0.5242984242289694
0.5234830787838839
0.5242983695822052
0.5229409718521538
0.5028495206963048
0.522940918764924
0.5028497743638499
0.5500585613400344
0.5212500599830187
0.5500586641637925
0.5212503591636545
0.5437250734324283
0.522838121421915
0.5437250734324283
0.522838121421915
0.5346479675451549
0.5372324378628179
0.5346479675451549
0.5372324378628179
0.5698118534928311
0.5698119024755112
0.5819057387703236
0.5915375971404702
0.5819059614311362
0.5915383252502882
0.510424686358874
0.5093901505312607
0.510424686358874
0.5093901505312607
0.5208101574014912
0.767456317821434
0.6457946614985858
0.5937417849406145
0.7021228030611275
0.5997810263511137
0.5208101574014912
0.767456317821434
0.6457946614985858
0.5937417849406145
0.7021228030611275
0.5997810263511137
0.5632963849387368
0.563296349475065
0.5632963849387368
0.563296349475065
0.5002088745158481
0.5002088183872729
0.5047129490348368
0.504712937994605
0.6806128603337923
0.5334282886774001
0.6912656350583681
0.6139852277285244
0.7067424039699807
0.5673746147914903
0.6992008021730841
0.6408523295725207
0.6806128603337923
0.5334282886774001
0.6912656350583681
0.6139852277285244
0.7067424039699807
0.5673746147914903
0.6992008021730841
0.6408523295725207
0.5959190452272092
0.5919605522127889
0.5959190452272092
0.5919605522127889
0.5206836690161962
0.5330874318753726
0.5918748208538278
0.6357975687222022
0.5541022994639181
0.5850002315483577
0.6150166583580058
0.5206837289093548
0.5330871209809306
0.5918746112438961
0.6357975074080301
0.5541023276351384
0.5850002070326068
0.6150166449389713
0.5375623191710727
0.5375623191710727
0.5318602261691284
0.5401096686996731
0.5318602261691284
0.5401096686996731
0.5015129988390735
0.5102206820865763
0.5015129988390735
0.5102206820865763
0.5439000260572897
0.5767114701485937
0.5439000260572897
0.5767114701485937
0.5295566456699925
0.5384909239721412
0.5295566456699925
0.5384909239721412
0.5003888804212697
0.5136644911839715
0.5003885833650541
0.5136646340275801
0.5185324240637501
0.5185324240637501
0.5016610599494841
0.5016610599494841
0.7237173198204041
0.680972027704556
0.7237173198204041
0.680972027704556
0.5530147994078429
0.6997380626827258
0.556251603773501
0.7382946840973836
0.5530150351388684
0.6997381152271961
0.5562514905648162
0.7382945973961328
0.5388492867867184
0.5310294962732323
0.5388492867867184
0.5310294962732323
0.5028096756925811
0.5033615636293626
0.5028096756925811
0.5033614336417997
0.5025578108853633
0.5151617054843072
0.5086171713073336
0.5357151648207996
0.5025578108853633
0.5151617054843072
0.5086171713073336
0.5357151648207996
0.5263570492915411
0.5263570492915411
0.5032805070485503
0.5175217875683855
0.5032804691032484
0.5175217588783604
0.5651008084876433
0.5584802699183675
0.5651009402315659
0.5584799055158928
0.5373519863941304
0.5369262947271997
0.5373519863941304
0.5369262947271997
0.5459077615708204
0.5215147947270662
0.5459077615708204
0.5215147947270662
0.6006573248823913
0.6282527488938664
0.6006573082784661
0.6282526744626464
0.635257495680129
0.6051907538514398
0.6352574604929511
0.6051908217368498
0.570050351715635
0.6279656914374098
0.570050351715635
0.6279656914374098
0.5716687557926473
0.5835595998419404
0.5716687557926473
0.5835595998419404
0.5043811585781931
0.5178226463832704
0.5043807801673107
0.5178230262819721
0.5165497004584862
0.5165497004584862
0.5521918724168104
0.5517236472812456
0.5521918724168104
0.5517236472812456
0.6179569950512219
0.6192455744584288
0.6179569950512219
0.6192455744584288
0.5094134266557021
0.5812483806638667
0.6999046414889712
0.5108289637548264
0.5955842704079307
0.6158963930207048
0.509413542579699
0.5812489367718512
0.699904797081427
0.5108290560092871
0.5955840209841707
0.6158961406998089
0.5359538203044405
0.5359538203044405
0.5066676185120432
0.5168077247476767
0.5066674597721839
0.5168084430191392
0.5530185692389938
0.5523541343581444
0.5530185692389938
0.5523541343581444
0.509783594499324
0.5097839587165988
0.5561929002832453
0.5589252377175842
0.5561928191481025
0.5589252165117611
0.5035155376919538
0.5035150968634404
0.5020818122726358
0.5020818122726358
0.5117194881642785
0.5117194881642785
0.5157102398777907
0.5157102398777907
0.5203417795007188
0.5203417795007188
0.5059205011702963
0.5059205011702963
0.5548986248277411
0.5379725171094353
0.5569126884409028
0.541935596061277
0.5548986248277411
0.5379725171094353
0.5569126884409028
0.541935596061277
0.5803637108185167
0.6130863889446256
0.5803636785277074
0.6130864359871349
0.5682286279653359
0.556636660818419
0.5682286279653359
0.556636660818419
0.5136779300565878
0.5136779300565878
0.5182520950667591
0.5182520950667591
0.5617172040263425
0.5762880654678043
0.5617172040263425
0.5762880654678043
0.5795191961010333
0.5455367858564854
0.5795191469670644
0.5455367725950735
0.5241874927244204
0.5241874927244204
0.5170960437665645
0.5170960437665645
0.5510869246445914
0.5595879630667376
0.5847512486317624
0.5646693722855399
0.5510869246445914
0.5595879630667376
0.5847512486317624
0.5646693722855399
0.5935087480043869
0.5585015712266806
0.534115814622075
0.5825942038464172
0.5145891563186848
0.5240762331290273
0.5935087480043869
0.5585015712266806
0.534115814622075
0.5825942038464172
0.5145891563186848
0.5240762331290273
0.6366322782757583
0.5545372555223742
0.5436735875652471
0.5137682148906227
0.5259295325441989
0.6779436376452717
0.5140163971170735
0.5570719445436345
0.5240455734582492
0.636632457945402
0.55453740469425
0.543673724339686
0.5137682313289292
0.5259296585737498
0.6779433224043525
0.5140161214732588
0.5570717310328154
0.5240454819731457
0.5023097853240472
0.510570670950821
0.6801495748610814
0.65579103021475
0.5229966045097303
0.7496287707555298
0.5800722426683925
0.5023097853240472
0.5105706661850833
0.6801495471339929
0.6557908899009782
0.5229965421108714
0.7496287032191745
0.5800722055811712
0.6537790565707982
0.599083791394167
0.6537794102148557
0.5990837756309387
0.5053543599598844
0.5182724317892484
0.5053543599598844
0.5182724317892484
0.5763134596019891
0.5905753630968691
0.5763134620245878
0.5905754887612682
0.7074087246951725
0.6661010696722005
0.7074087246951725
0.6661010696722005
0.525008488673096
0.525008488673096
0.5361728376527185
0.5378400354089893
0.5361729132339842
0.5378399431607265
0.5625784059910471
0.5566989226100596
0.5625784059910471
0.5566989226100596
0.5096248847196635
0.5096248490859084
0.5191194630378428
0.5138709500084644
0.5191194546348965
0.5138709500084644
0.5105658786251704
0.5105659601797855
0.5054274313396547
0.5054274313396547
0.5208794199297064
0.5155701910804034
0.5208794199297064
0.5155701910804034
0.51077215544397
0.5107721906815899
0.5141305050714173
0.5364839695250674
0.5141305050714173
0.5364839695250674
0.5083904061589026
0.554551779426389
0.5469283041373401
0.5083904061589026
0.554551779426389
0.5469283041373401
0.5032536618468382
0.5143146197718793
0.53271210259622
0.501517719155178
0.5128975928627779
0.5239750266424544
0.5032536618468382
0.5143146197718793
0.53271210259622
0.501517719155178
0.5128975928627779
0.5239750266424544
0.6096644882642185
0.652419652238607
0.6096644882642185
0.652419652238607
0.6055054399106877
0.5523403637382699
0.698341497978119
0.5036011024882804
0.6055059875125988
0.552340064599541
0.6983413762432401
0.5036010229406815
0.6443102176263616
0.6844021779145765
0.6443102176263616
0.6844021779145765
0.5234007918500767
0.536274313842362
0.5234007918500767
0.536274313842362
0.5156732870018402
0.5080481102613299
0.5156732870018402
0.5080481102613299
0.5685774408624065
0.5593640880237977
0.5685774408624065
0.5593640880237977
0.5783286084428219
0.5818035864167644
0.5783286084428219
0.5818035864167644
0.5024242509355438
0.5024244178686285
0.5285766622467227
0.5383876281693595
0.5285766622467227
0.5383876281693595
0.5062441393283099
0.5203035350377845
0.5065582301716813
0.5233109736101936
0.5062443852606495
0.520303521252353
0.5065582301716813
0.5233110514380067
0.6138662585041134
0.5640115038515204
0.6138661962482251
0.5640117853151103
0.5628146572860555
0.5442988256140366
0.5628146572860555
0.5442988256140366
0.5255626670042853
0.5088702183527607
0.5255626670042853
0.5088702183527607
0.5442902985886499
0.5512215469589403
0.5442904099054878
0.5512215469589403
0.6595538055977649
0.6411804065294312
0.6595538055977649
0.6411803801830938
0.6433597232437231
0.6418049052085703
0.6433597232437231
0.6418049052085703
0.6244357621154876
0.6244355477510485
0.6244357621154876
0.6244355477510485
0.5234318034073232
0.524065916180344
0.5234318034073232
0.524065916180344
0.5176919539417649
0.5726015754172298
0.5286080383924877
0.551233285200824
0.5176919539417649
0.5726015754172298
0.5286080383924877
0.551233285200824
0.5826101676035444
0.5091314335317003
0.5867094624564434
0.5098605998601158
0.5826101676035444
0.5091314335317003
0.5867094624564434
0.5098605998601158
0.5376258310497908
0.5414659250530799
0.5114701695942954
0.5494701410059256
0.5313351101246443
0.5456824334589786
0.5376258310497908
0.5414658768820705
0.5114701695942954
0.5494700951566676
0.5313350248448069
0.5456824334589786
0.599700146016595
0.589634072612387
0.599700146016595
0.589634072612387
0.5978712990522028
0.606732361810404
0.5978712084675083
0.6067323088347466
0.5197220753967678
0.5281854453136263
0.5197220753967678
0.5281854453136263
0.510037013556833
0.5100369212695535
0.6388373537845128
0.6374420008271046
0.6388373537845128
0.6374420008271046
0.5675870430233382
0.5044534111707907
0.5675870430233382
0.5044534111707907
0.5133359476926822
0.507297844587014
0.5133360143528172
0.5072979724133816
0.5154537026633765
0.5515295508589032
0.5154537026633765
0.5515295508589032
0.5693739415010839
0.5992663352175727
0.5693738317433127
0.5992662967331256
0.5996917185698062
0.6105426220374804
0.5996916391068186
0.6105426220374804
0.5079853473921853
0.5079853473921853
0.528774392613126
0.5002680467801452
0.528774392613126
0.5002680467801452
0.5510776581976428
0.5345380855988167
0.5350490177375385
0.552841568703446
0.5469174048228508
0.5333250369477043
0.5270340777307374
0.5534353430610951
0.5510776581976428
0.5345380855988167
0.5350490177375385
0.552841568703446
0.5469174048228508
0.5333250369477043
0.5270340777307374
0.5534353430610951
0.521138402181726
0.5245988739905527
0.5725469669079294
0.5361178162794965
0.5188299328252306
0.5392043495917391
0.5211382649189561
0.5245988401675956
0.5725469669079294
0.5361178056428335
0.5188298997713965
0.5392043464880065
0.5446610509305259
0.5344452122216982
0.5446610509305259
0.5344452122216982
0.5030966265557459
0.572853623432516
0.5591961865832102
0.6165817922220074
0.5827991364438534
0.5536250473173816
0.6209928350560378
0.5030966265557459
0.572853623432516
0.5591961865832102
0.6165817922220074
0.5827991364438534
0.5536250473173816
0.6209928350560378
0.5517829887090169
0.5517829436340183
0.536524304014724
0.5310811538381383
0.536524304014724
0.5310811538381383
0.5242959407371097
0.5293556586756254
0.5242959407371097
0.5293556586756254
0.513151934120923
0.5071561164225514
0.513151934120923
0.5071561164225514
0.5334312031052401
0.5377158537638843
0.5334311579371555
0.5377156317798807
0.578744713670412
0.6557545447444485
0.5787445660666319
0.6557550373875216
0.5271580325697325
0.5271580325697325
0.5256314369075324
0.5256314369075324
0.5793316707744309
0.5665435464904867
0.5793316707744309
0.5665435464904867
0.5105755986950155
0.5184648133389469
0.5105755986950155
0.5184648133389469
0.5017545957870693
0.5017545957870693
0.5137981174354352
0.5264515395235259
0.5088978891436455
0.5137981174354352
0.5264515395235259
0.5088978891436455
0.5253499645783796
0.5361832401935974
0.5253499645783796
0.5361832401935974
0.5419012798977285
0.5358728429128169
0.5419012798977285
0.5358728429128169
0.510338079405968
0.5103380645349443
0.5053535423277947
0.5144731474067016
0.5053535423277947
0.5144731474067016
0.5009281901849085
0.5009281901849085
0.5196580327405889
0.5260003402266831
0.5196580024672988
0.5260003402266831
0.5111864925314826
0.5111864925314826
0.5683643189906196
0.5589564403111182
0.5683643742998169
0.558956484905328
0.5075207704921462
0.5064111098235309
0.5075207704921462
0.5064111098235309
0.5243744664353536
0.5095062602627076
0.5243744947542281
0.5095062162855832
0.5070498498551981
0.5014041834222935
0.5070499238803546
0.5014042074361965
