0.035208940506
0.0412750244141
0.0422620773315
0.0349760055542
0.0388400554657
0.0331881046295
0.0412969589233
0.0356049537659
0.0311410427094
0.0261678695679
0.0381000041962
0.0758948326111
0.0351858139038
0.0434849262238
0.0396981239319
0.0463650226593
0.0390219688416
0.0373570919037
0.0354719161987
0.033851146698
0.0334639549255
0.0291571617126
0.0348701477051
0.0417819023132
0.0390908718109
0.0263569355011
0.0409860610962
0.0308589935303
0.0423130989075
0.0340521335602
0.0348999500275
0.0227389335632
0.0516550540924
0.0281009674072
0.0494000911713
0.0651659965515
0.0377161502838
0.0318250656128
0.0285310745239
0.0558650493622
0.0295870304108
0.039391040802
0.0288679599762
0.0249149799347
0.0354208946228
0.0297141075134
0.0509159564972
0.0369589328766
0.0319089889526
0.0538690090179
0.0457229614258
0.035756111145
0.0342769622803
0.0304818153381
0.0354170799255
0.0440979003906
0.0392570495605
0.0454239845276
0.0402848720551
0.0373320579529
0.0440618991852
0.0469369888306
0.0361478328705
0.0345349311829
0.0286111831665
0.0337738990784
0.0375130176544
0.0407547950745
0.033252954483
0.0398030281067
0.0325911045074
0.0286519527435
0.0348930358887
0.0280978679657
0.0311501026154
0.0355699062347
0.0432069301605
0.0331110954285
0.0323989391327
0.047797203064
0.042384147644
0.0550351142883
0.0319168567657
0.0288600921631
0.0315308570862
0.0503480434418
0.0381817817688
0.0332179069519
0.0313777923584
