0.000130176544189
6.60419464111e-05
6.69956207275e-05
7.29560852051e-05
6.79492950439e-05
0.000111103057861
6.60419464111e-05
6.69956207275e-05
6.60419464111e-05
6.69956207275e-05
9.48905944824e-05
6.69956207275e-05
6.69956207275e-05
6.60419464111e-05
7.29560852051e-05
6.60419464111e-05
6.48498535156e-05
6.98566436768e-05
6.5803527832e-05
6.79492950439e-05
6.69956207275e-05
6.60419464111e-05
6.69956207275e-05
8.48770141602e-05
6.69956207275e-05
0.000110864639282
6.91413879395e-05
6.69956207275e-05
6.79492950439e-05
6.69956207275e-05
6.60419464111e-05
6.60419464111e-05
8.79764556885e-05
6.69956207275e-05
6.5803527832e-05
6.69956207275e-05
6.69956207275e-05
6.69956207275e-05
6.60419464111e-05
6.60419464111e-05
6.60419464111e-05
6.79492950439e-05
6.69956207275e-05
6.60419464111e-05
6.50882720947e-05
6.79492950439e-05
6.60419464111e-05
6.5803527832e-05
6.50882720947e-05
6.5803527832e-05
6.5803527832e-05
6.69956207275e-05
6.50882720947e-05
6.60419464111e-05
6.60419464111e-05
6.60419464111e-05
6.60419464111e-05
6.69956207275e-05
6.69956207275e-05
6.69956207275e-05
6.69956207275e-05
6.5803527832e-05
6.69956207275e-05
6.50882720947e-05
6.69956207275e-05
6.60419464111e-05
6.79492950439e-05
6.69956207275e-05
6.60419464111e-05
6.50882720947e-05
6.50882720947e-05
6.60419464111e-05
6.60419464111e-05
6.50882720947e-05
6.69956207275e-05
6.60419464111e-05
6.60419464111e-05
6.8187713623e-05
6.91413879395e-05
6.60419464111e-05
6.60419464111e-05
6.69956207275e-05
6.79492950439e-05
6.69956207275e-05
6.50882720947e-05
6.69956207275e-05
6.69956207275e-05
6.79492950439e-05
6.8187713623e-05
