134.047973633
89.0479736328
44.0479736328
0.952026367188
29.8057594299
15.1942405701
60.1942405701
105.194244385
35.3042640686
9.6957359314
54.6957359314
99.6957397461
38.4453964233
6.55460548401
51.5546035767
96.5546035767
4.84987640381
49.8498764038
94.8498764038
139.849884033
10.6785125732
34.3214874268
79.3214874268
124.321487427
3.32099151611
41.6790084839
86.6790084839
131.679016113
17.0376968384
62.0376968384
107.037696838
152.037689209
19.892791748
64.892791748
109.892791748
154.892791748
127.654968262
82.6549682617
37.654964447
7.34503555298
45.7785568237
0.778558731079
44.2214431763
89.2214431763
76.8759994507
31.8759994507
13.124001503
58.1240005493
87.8585357666
42.8585319519
2.1414680481
47.1414680481
33.2945404053
11.7054595947
56.7054595947
101.705459595
120.084022522
75.084022522
30.084022522
14.915977478
134.924362183
89.9243621826
44.9243621826
0.0756378173828
16.2036514282
61.2036514282
106.203651428
151.203643799
153.685928345
108.685928345
63.6859283447
18.6859283447
56.5459365845
69.5454101562
11.5459375381
24.5454082489
33.4540634155
20.4545917511
78.4540634155
65.4545898438
148.409729004
103.409721375
58.4097213745
13.4097213745
144.971191406
99.9711914062
54.9711914062
9.97119140625
6.79136276245
83.2086334229
111.167778015
66.1677780151
21.1677780151
23.8322219849
145.810638428
100.810630798
55.8106307983
10.8106307983
8.11860656738
53.1186065674
98.1186065674
143.118606567
6.11045837402
5.80075836182
39.1992416382
83.889541626
84.1992416382
129.199249268
80.4946136475
35.4946136475
9.50538444519
54.5053863525
44.8801383972
0.119861602783
45.1198616028
90.1198577881
145.810638428
100.810630798
55.8106307983
10.8106307983
56.6144714355
11.6144733429
33.3855285645
78.3855285645
60.3749847412
15.3749837875
29.6250152588
74.6250152588
71.1913833618
26.1913852692
18.8086147308
63.8086128235
141.110473633
96.1104660034
51.1104660034
6.11046600342
44.301410675
45.698589325
30.1960525513
14.8039474487
59.8039474487
104.803947449
24.8859443665
20.1140556335
65.1140594482
110.114059448
15.3749847412
74.6250152588
135.698577881
90.6985855103
45.6985855103
0.698585510254
0.698593139648
44.3014068604
89.3014068604
134.30140686
154.468933105
109.468940735
64.4689407349
19.4689407349
48.059967041
3.05996513367
41.940032959
86.940032959
79.3886566162
34.3886566162
10.6113414764
55.6113433838
44.8801345825
134.880126953
11.1900672913
78.8099365234
133.272247314
88.2722549438
43.2722549438
1.72774505615
69.8859405518
24.8859443665
20.1140556335
65.1140594482
62.9260787964
17.9260787964
27.0739212036
72.0739212036
72.0739212036
27.0739212036
17.9260787964
62.9260787964
22.5
12.375328064
22.5
67.5
102.375328064
112.5
73.0721969604
16.9278030396
151.159805298
106.159805298
61.1598052979
16.1598052979
62.5302581787
17.5302581787
27.4697418213
72.4697418213
74.4112243652
29.4112281799
15.5887727737
60.5887718201
99.3274459839
54.3274459839
9.32744407654
35.6725540161
31.9623222351
121.96232605
16.1598091125
28.8401908875
73.8401947021
118.840194702
8.19972610474
36.8002738953
81.80027771
126.80027771
75.8658828735
30.8658866882
14.1341142654
59.1341133118
80.6340255737
35.634021759
9.36597728729
54.365978241
18.1012954712
63.1012954712
108.101295471
153.101287842
15.3749847412
60.3749847412
105.374984741
150.374984741
123.809936523
78.8099365234
33.8099327087
11.1900672913
115.217391968
70.2173919678
25.2173957825
19.7826042175
108.593025208
63.5930252075
18.5930252075
26.4069747925
78.2478561401
11.7521448135
94.0650482178
49.0650482178
4.06504821777
40.9349517822
94.8498764038
49.8498764038
4.84987449646
40.1501235962
97.8791275024
52.8791275024
7.87912559509
37.1208724976
91.24949646
46.24949646
1.24949455261
43.75050354
52.6735191345
7.6735200882
37.3264808655
82.3264770508
51.7913627625
6.79136276245
38.2086372375
83.2086334229
1.72775268555
46.7277526855
91.7277526855
136.727752686
14.8039474487
59.8039474487
104.803947449
149.803955078
7.56858062744
82.4314193726
120.630104065
75.6301040649
30.6301040649
14.3698959351
58.7538375854
13.8843517303
13.7538385391
31.2461624146
76.1156463623
76.2461624146
81.536239624
36.5362434387
8.46375751495
53.4637565613
100.731712341
55.7317123413
10.7317123413
34.2682876587
152.530258179
62.5302581787
22.5
67.5
69.474937439
62.3055725098
24.4749336243
17.3055725098
20.5250663757
27.6944274902
65.525062561
72.6944274902
143.079223633
98.0792236328
53.0792236328
8.07922363281
92.7011184692
47.7011184692
2.70112037659
42.2988815308
7.07783508301
97.077835083
54.0042648315
9.00426673889
35.9957351685
80.9957351685
16.4909896851
61.4909896851
106.490989685
151.490997314
130.150131226
85.1501312256
40.1501274109
4.84987258911
61.3844947815
16.3844966888
28.6155033112
73.6155014038
55.9617996216
10.9617996216
34.0382003784
79.0382003784
59.1680908203
14.1680927277
30.8319072723
75.8319091797
48.8843078613
3.88430786133
41.1156921387
86.1156921387
61.3963241577
16.3963241577
28.6036758423
73.6036758423
26.4523353577
18.5476646423
63.5476646423
108.547668457
70.6150741577
25.6150779724
19.3849220276
64.3849258423
65.0070724487
20.0070705414
24.9929294586
69.9929275513
30.757390976
59.2426071167
76.5902786255
31.5902748108
13.4097242355
58.4097251892
76.5902786255
31.5902748108
13.4097242355
58.4097251892
85.9349517822
40.9349479675
4.06505203247
49.0650520325
64.5643234253
19.56432724
25.43567276
70.4356765747
145.611328125
100.611335754
55.6113357544
10.6113357544
11.1900672913
33.8099327087
78.8099365234
123.809936523
11.8803482056
56.8803482056
101.880348206
146.880340576
9.00426483154
54.0042648315
99.0042648315
144.004272461
43.2722549438
1.72774505615
46.7277450562
91.7277450562
106.159805298
61.1598091125
16.1598091125
28.8401908875
4.90757369995
40.0924263
85.0924224854
130.092422485
150.068588257
105.068588257
60.0685882568
15.0685882568
29.8057594299
15.1942405701
60.1942405701
105.194244385
155.710083008
110.710083008
65.7100830078
20.7100830078
14.3698959351
63.4143829346
30.6301040649
18.4143829346
75.6301040649
26.5856170654
120.630104065
71.5856170654
78.3855285645
33.3855285645
11.6144733429
56.6144714355
67.5
22.5
22.5
67.5
16.9278030396
73.0721969604
38.1422462463
6.85775375366
51.8577537537
96.8577575684
13.6581840515
31.3418159485
76.3418121338
121.341812134
13.0376777649
31.9623222351
76.9623260498
121.96232605
76.1156463623
31.1156482697
13.8843517303
58.8843536377
77.5079803467
32.5079803467
12.492020607
57.4920196533
151.789398193
106.789405823
61.7894058228
16.7894058228
19.0317764282
64.0317764282
109.031776428
154.031768799
145.235229492
100.235229492
55.2352294922
10.2352294922
20.0104446411
65.0104446411
110.010444641
155.010437012
129.321411133
84.3214111328
39.3214149475
5.67858505249
136.943954468
91.9439544678
46.9439544678
1.94395446777
104.893806458
59.8938064575
14.8938064575
30.1061935425
145.235229492
100.235229492
55.2352294922
10.2352294922
114.474937439
69.474937439
24.474937439
20.525062561
55.7317123413
10.7317113876
34.2682876587
79.2682876587
110.525062561
65.525062561
20.525062561
24.474937439
88.0560455322
43.0560455322
1.94395446777
46.9439544678
91.24949646
46.24949646
1.24949455261
43.75050354
109.320167542
64.3201675415
19.3201675415
25.6798324585
44.301410675
0.698589324951
45.698589325
90.6985931396
139.065063477
94.0650558472
49.0650558472
4.06505584717
155.297393799
110.297401428
65.2974014282
20.2974014282
155.710083008
110.710083008
65.7100830078
20.7100830078
78.4540634155
33.4540634155
11.5459375381
56.5459365845
61.9724617004
16.9724597931
28.0275402069
73.0275421143
13.8126831055
31.1873168945
76.1873168945
121.187316895
111.102813721
66.1028137207
21.1028175354
23.8971824646
110.114059448
65.1140594482
20.1140556335
24.8859443665
24.1365776062
20.8634223938
65.8634185791
110.863418579
24.9895553589
20.0104446411
65.0104446411
110.010444641
39.6027297974
5.39727210999
50.3972702026
95.3972702026
62.8645362854
17.8645362854
27.1354637146
72.1354598999
61.329826355
16.3298244476
28.6701755524
73.670173645
58.288974762
13.288974762
31.711025238
76.7110290527
143.118606567
53.1186065674
10.8106307983
55.8106307983
100.810630798
145.810638428
69.297454834
24.2974529266
20.7025470734
65.702545166
67.5
22.5
22.5
67.5
14.0212745667
75.978729248
98.463760376
53.4637565613
8.46375656128
36.5362434387
101.880340576
56.8803443909
11.8803443909
33.1196556091
19.2837791443
25.7162208557
70.716217041
115.716217041
155.70413208
110.704124451
65.7041244507
20.7041244507
16.3057250977
61.3057250977
106.305725098
151.305725098
2.78570556641
47.7857055664
92.7857055664
137.785705566
14.3698959351
59.3698959351
104.369895935
149.369903564
6.55460357666
51.5546035767
96.5546035767
141.554595947
92.1235656738
47.1235656738
2.12356376648
42.8764343262
12.717590332
57.717590332
102.717590332
147.717590332
38.4453964233
6.55460357666
51.5546035767
96.5546035767
20.37890625
65.37890625
110.37890625
155.37890625
49.0650558472
139.065063477
77.9914779663
32.9914779663
12.0085229874
57.0085220337
70.7704849243
25.770488739
19.229511261
64.2295150757
15.7901611328
60.7901611328
105.790161133
150.790161133
40.9349517822
4.06504821777
49.0650482178
94.0650482178
138.5753479
93.5753555298
48.5753555298
3.57535552979
16.7144088745
61.7144088745
106.714408875
151.714416504
18.3147201538
63.3147201538
108.314720154
153.314727783
77.1535873413
32.1535835266
12.8464155197
57.8464164734
84.9843902588
39.9843902588
5.01560783386
50.0156097412
58.2111091614
13.2111101151
31.7888908386
76.7888870239
5.05281829834
95.0528182983
53.4637565613
36.5362434387
85.9349517822
4.06505203247
58.0376777649
13.0376777649
31.9623222351
76.9623260498
11.7157020569
33.2842979431
78.2843017578
123.284301758
8.15066719055
81.8493347168
69.7025985718
24.7025985718
20.2974014282
65.2974014282
98.7637329102
53.7637329102
8.76373100281
36.2362670898
46.1293754578
43.8706245422
134.025512695
89.0255126953
44.0255126953
0.974487304688
52.2448806763
7.24488162994
37.7551193237
82.7551193237
87.8764343262
42.8764343262
2.12356567383
47.1235656738
74.9958572388
93.474395752
84.0570678711
29.9958572388
39.0570716858
15.0041427612
3.4743938446
5.94292831421
60.0041427612
50.9429283142
3.82366943359
48.8236694336
93.8236694336
138.823669434
7.5583190918
97.5583190918
90.9985656738
91.9439544678
45.9985656738
46.9439544678
0.998565673828
1.94395446777
44.0014343262
43.0560455322
92.9633483887
47.963344574
2.96334457397
42.036655426
33.1196556091
11.8803443909
56.8803443909
101.880340576
37.7551193237
52.2448806763
3.05996704102
41.940032959
86.940032959
131.940032959
6.11045837402
38.889541626
83.889541626
128.889541626
78.3855285645
33.3855285645
11.6144733429
56.6144714355
154.405944824
72.9403305054
109.405944824
27.9403324127
64.4059448242
17.0596675873
19.4059448242
62.0596694946
88.3544540405
43.3544540405
1.64554405212
46.6455459595
61.7894058228
16.7894077301
28.2105922699
73.2105941772
92.5168914795
47.5168914795
2.51689147949
42.4831085205
78.2843017578
33.2842979431
11.7157020569
56.7157020569
69.9895553589
24.9895534515
20.0104465485
65.0104446411
77.5079803467
32.5079803467
12.492020607
57.4920196533
123.809936523
78.8099365234
33.8099327087
11.1900672913
118.840194702
73.8401947021
28.8401908875
16.1598091125
107.736358643
62.7363548279
17.7363548279
27.2636451721
76.7110290527
31.711025238
13.288974762
58.288974762
148.969238281
103.969230652
58.9692306519
13.9692306519
17.9260864258
62.9260864258
107.926086426
152.926086426
104.97618103
59.9761772156
14.9761772156
30.0238227844
18.9236679077
63.9236679077
108.923667908
153.923675537
151.789398193
106.789405823
61.7894058228
16.7894058228
153.685928345
108.685928345
63.6859283447
18.6859283447
26.31407547
18.68592453
63.68592453
108.685928345
78.8099365234
33.8099327087
11.1900672913
56.1900672913
32.282409668
12.717590332
57.717590332
102.717590332
15.3749847412
29.6250152588
74.6250152588
119.625015259
24.9895553589
20.0104446411
65.0104446411
110.010444641
15.7901649475
29.2098350525
74.2098388672
119.209838867
19.3201675415
25.6798324585
70.6798324585
115.679832458
110.114059448
65.1140594482
20.1140556335
24.8859443665
18.5090866089
108.509086609
62.7363586426
17.7363586426
27.2636413574
72.2636413574
60.918056488
15.9180555344
29.081943512
74.0819473267
64.2295150757
19.229511261
25.770488739
70.7704849243
64.3201675415
19.3201694489
25.6798305511
70.6798324585
15.0685882568
60.0685882568
105.068588257
150.068588257
18.6859283447
63.6859283447
108.685928345
153.685928345
12.7724227905
57.7724227905
102.772422791
147.77243042
17.3055725098
62.3055725098
107.30557251
152.30557251
11.190071106
56.190071106
101.190071106
146.190063477
17.8645401001
62.8645401001
107.8645401
152.864532471
10.2352294922
55.2352294922
100.235229492
145.235229492
118.027542114
73.0275421143
28.0275382996
16.9724617004
24.7906150818
20.2093849182
65.2093811035
110.209381104
20.3789024353
24.6210975647
69.62109375
114.62109375
18.4143829346
26.5856170654
71.5856170654
116.585617065
18.1012954712
26.8987045288
71.8987045288
116.898704529
3.47439575195
48.474395752
93.474395752
138.474395752
155.745864868
110.745864868
65.7458648682
20.7458648682
97.5685806274
7.56858062744
141.975891113
96.9758911133
51.9758911133
6.97589111328
142.568572998
52.5685806274
22.5
67.5
112.5
157.5
154.320175171
109.320175171
64.3201751709
19.3201751709
14.7348327637
59.7348327637
104.734832764
149.734832764
38.6892089844
6.31079292297
51.3107910156
96.3107910156
41.9400367737
3.05996322632
48.0599632263
93.059967041
56.1900672913
11.1900672913
33.8099327087
78.8099365234
71.6849136353
26.6849155426
18.3150844574
63.3150863647
71.6849136353
18.3150844574
95.3972702026
50.3972702026
5.39727210999
39.6027297974
92.8461761475
47.8461761475
2.84617424011
42.1538238525
105.068588257
60.0685920715
15.0685920715
29.9314079285
104.905349731
59.9053535461
14.9053535461
30.0946464539
72.5424499512
27.5424499512
17.4575500488
62.4575500488
129.602722168
84.602722168
39.6027259827
5.39727401733
13.0376815796
58.0376815796
103.03768158
148.037689209
155.114059448
110.114059448
65.1140594482
20.1140594482
16.7894058228
28.2105941772
73.2105941772
118.210594177
135.698577881
90.6985855103
45.6985855103
0.698585510254
121.96232605
76.9623260498
31.9623222351
13.0376777649
36.5362434387
53.4637565613
59.3698959351
30.6301040649
55.7317123413
10.7317113876
34.2682876587
79.2682876587
84.1992492676
39.1992454529
5.80075454712
50.8007545471
67.5
22.5
22.5
67.5
86.6790084839
41.6790084839
3.32099151611
48.3209915161
67.5
22.5
22.5
67.5
104.905349731
59.9053535461
14.9053535461
30.0946464539
36.0704345703
8.92956542969
53.9295654297
98.9295654297
6.11045837402
38.889541626
83.889541626
128.889541626
128.689208984
83.689201355
38.689201355
6.31079864502
153.414382935
108.414382935
63.4143829346
18.4143829346
20.1140594482
65.1140594482
110.114059448
155.114059448
53.8730049133
8.873005867
36.1269950867
81.126991272
35.224357605
9.77564239502
54.775642395
99.775642395
45.2509765625
0.2509765625
44.7490234375
89.7490234375
54.5053863525
9.50538444519
35.4946136475
80.4946136475
15.3749847412
60.3749847412
105.374984741
150.374984741
4.96255874634
40.0374412537
85.0374450684
130.037445068
19.6733169556
64.6733169556
109.673316956
154.673309326
132.219451904
87.2194595337
42.2194595337
2.78054046631
3.77785491943
41.2221450806
86.2221450806
131.222137451
122.302497864
77.3024978638
32.3024978638
12.6975021362
108.220535278
63.2205314636
18.2205314636
26.7794685364
74.7142715454
29.7142715454
15.2857284546
60.2857284546
82.2978591919
37.2978591919
7.70214176178
52.7021408081
52.2496032715
7.24960231781
37.7503967285
82.7503967285
109.491653442
64.4916534424
19.4916572571
25.5083427429
36.2173423767
8.78265762329
53.7826576233
98.7826538086
127.235473633
82.2354736328
37.2354698181
7.76453018188
12.9962615967
32.0037384033
77.0037384033
122.003738403
144.929611206
99.9296112061
54.9296112061
9.92961120605
17.7956390381
62.7956390381
107.795639038
152.795639038
0.502410888672
45.5024108887
90.5024108887
135.502410889
79.5947570801
34.5947570801
10.4052438736
55.4052429199
103.206695557
58.2066917419
13.2066917419
31.7933082581
111.494911194
111.458374023
66.4949111938
66.4583740234
21.4949111938
21.4583740234
23.5050888062
23.5416259766
35.0288085938
9.97119140625
54.9711914062
99.9711914062
6.23979949951
51.2397994995
96.2397994995
141.239807129
86.5934906006
41.5934906006
3.40650939941
48.4065093994
47.9633483887
2.96334648132
42.0366516113
87.0366516113
10.4052429199
34.5947570801
79.5947570801
124.59475708
151.972457886
106.972457886
61.9724578857
16.9724578857
57.7724227905
12.7724218369
32.2275772095
77.2275772095
134.567901611
89.5679016113
44.5679016113
0.432098388672
8.46375274658
81.5362472534
137.176849365
92.1768569946
47.1768569946
2.17685699463
93.5753555298
3.57535552979
108.684913635
63.6849136353
18.6849136353
26.3150863647
9.84744262695
80.152557373
2.70112609863
42.2988739014
87.2988739014
132.298873901
7.24487686157
37.7551231384
82.7551269531
127.755126953
4.57207489014
49.5720748901
94.5720748901
139.57208252
18.4143829346
63.4143829346
108.414382935
153.414382935
19.4059448242
64.4059448242
109.405944824
154.405944824
78.2843017578
11.7157020569
58.8843536377
13.8843517303
31.1156482697
76.1156463623
10.1810150146
55.1810150146
100.181015015
145.181015015
141.726455688
96.7264556885
51.7264556885
6.72645568848
6.16455078125
9.24716186523
51.1645507812
35.7528381348
96.1645507812
80.7528381348
141.164550781
125.752838135
74.2098388672
29.2098369598
15.7901630402
60.7901611328
53.4637565613
8.46375751495
36.5362434387
81.536239624
38.1422462463
56.8803443909
6.85775375366
11.8803453445
51.8577537537
33.1196556091
96.8577575684
78.1196517944
7.75643157959
37.2435684204
82.2435684204
127.24356842
139.065063477
49.0650558472
89.3014068604
0.698593139648
3.05996704102
41.940032959
86.940032959
131.940032959
12.4920196533
32.5079803467
77.5079803467
122.507980347
10.7814788818
34.2185211182
79.2185211182
124.218521118
22.5
67.5
152.195709229
107.195709229
62.1957092285
17.1957092285
22.5
67.5
112.5
157.5
112.5
67.5
22.5
22.5
20.6523895264
65.6523895264
110.652389526
155.652389526
45.8458213806
0.845821380615
44.1541786194
89.1541748047
43.6355628967
1.36443710327
46.3644371033
91.364440918
41.7789306641
3.22106933594
48.2210693359
93.2210693359
44.472202301
0.527797698975
45.527797699
90.5278015137
10.0500106812
100.050010681
39.2413787842
5.75861930847
50.7586212158
95.7586212158
33.5240707397
123.52407074
34.4171295166
10.5828704834
55.5828704834
100.582870483
154.068603516
109.068603516
64.0686035156
19.0686035156
19.2700042725
64.2700042725
109.270004272
154.270004272
157.5
112.5
67.5
22.5
29.6972084045
15.3027915955
60.3027915955
105.30279541
137.846176147
92.8461761475
47.8461761475
2.84617614746
2.61483001709
42.3851699829
87.3851699829
132.385162354
152.397827148
107.397834778
62.3978347778
17.3978347778
37.7551193237
33.4228096008
7.24488258362
11.5771903992
52.2448806763
56.5771903992
97.2448806763
101.577194214
27.6944313049
17.3055686951
62.3055686951
107.30557251
52.5685806274
7.56858253479
37.4314193726
82.4314193726
59.3698959351
72.0739212036
14.3698968887
30.6301040649
17.9260787964
75.6301040649
67.5
22.5
22.5
67.5
42.7945480347
2.20545196533
47.2054519653
92.2054519653
73.0764160156
28.0764198303
16.9235801697
61.9235801697
82.4671630859
7.53283500671
80.8924942017
35.8924942017
9.10750389099
54.1075057983
67.5
22.5
22.5
67.5
74.9314041138
29.9314079285
15.0685920715
60.0685920715
84.1992492676
77.8048477173
39.1992454529
32.8048477173
5.80075454712
12.1951541901
50.8007545471
57.1951522827
85.0255661011
40.0255661011
4.97443389893
49.9744338989
94.0650482178
49.0650482178
4.06504821777
40.9349517822
43.5375137329
1.46248817444
46.4624862671
91.4624862671
42.2988815308
2.70112037659
47.7011184692
92.7011184692
39.1992416382
5.80075645447
50.8007583618
95.8007583618
48.2099533081
3.20995521545
41.7900466919
86.7900466919
40.9349517822
46.9439544678
4.06504821777
1.94395446777
49.0650482178
43.0560455322
94.0650482178
88.0560455322
50.5724868774
39.4275131226
49.0650520325
4.06505203247
40.9349479675
85.9349517822
20.525062561
65.525062561
110.525062561
155.525054932
78.1196517944
33.1196556091
11.8803453445
56.8803443909
139.755325317
94.7553253174
49.7553253174
4.75532531738
4.87509155273
94.8750915527
32.2744674683
12.7255325317
57.7255325317
102.725532532
47.2027511597
2.20274925232
42.7972488403
87.7972488403
83.4453964233
38.4453964233
6.55460548401
51.5546035767
63.2636032104
18.2636051178
26.7363948822
71.7363967896
62.9260787964
146.715698242
17.9260787964
101.715698242
27.0739212036
56.7156982422
72.0739212036
11.7156982422
70.6834106445
25.6834125519
19.3165874481
64.3165893555
67.5
22.5
22.5
67.5
83.8854827881
38.8854827881
6.11451911926
51.1145172119
18.5892066956
26.4107933044
71.4107971191
116.410797119
155.751831055
110.751831055
65.7518310547
20.7518310547
8.34339141846
36.6566085815
81.6566085815
126.656608582
99.5053863525
54.5053825378
9.50538253784
35.4946174622
100.523864746
55.5238647461
10.5238647461
34.4761352539
62.3055725098
17.3055725098
27.6944274902
72.6944274902
17.3055725098
62.3055725098
107.30557251
152.30557251
138.209960938
93.2099533081
48.2099533081
3.20995330811
12.6341934204
57.6341934204
102.63419342
147.634185791
80.9957351685
35.9957351685
9.00426673889
54.0042648315
153.685928345
108.685928345
63.6859283447
18.6859283447
152.059661865
107.059661865
62.0596618652
17.0596618652
121.192825317
69.7036514282
24.9536628723
76.1928253174
24.7036514282
20.0463371277
31.1928291321
20.2963485718
65.0463409424
13.8071708679
65.2963485718
110.046340942
19.7736854553
25.2263145447
70.2263183594
115.226318359
65.1140594482
20.1140556335
24.8859443665
69.8859405518
53.0297050476
8.02970600128
36.9702949524
81.9702911377
67.5
22.5
22.5
67.5
20.5929031372
65.5929031372
110.592903137
155.592895508
141.189804077
120.986991882
96.1898040771
75.9869918823
51.1898040771
30.9869918823
6.18980407715
14.0130081177
113.50189209
68.5018920898
23.5018959045
21.4981040955
125.385299683
80.3852996826
35.3853034973
9.61469650269
142.076202393
97.0761947632
52.0761947632
7.07619476318
155.209381104
110.209388733
65.2093887329
20.2093887329
111.330856323
66.3308563232
21.3308601379
23.6691398621
65.4545898438
20.4545917511
24.5454082489
69.5454101562
38.3025169373
6.69748306274
51.6974830627
96.697479248
112.5
67.5
22.5
22.5
138.529602051
93.5295944214
48.5295944214
3.52959442139
153.414382935
108.414382935
63.4143829346
18.4143829346
0.998565673828
90.9985656738
154.707305908
109.707298279
64.7072982788
19.7072982788
77.1887893677
32.188785553
12.8112134933
57.811214447
72.9591751099
27.9591732025
17.0408267975
62.0408248901
53.1506652832
36.8493347168
99.1074981689
54.1075019836
9.10750198364
35.8924980164
102.492019653
57.4920196533
12.4920196533
32.5079803467
103.337646484
58.3376502991
13.3376502991
31.6623497009
16.7894058228
61.7894058228
106.789405823
151.789398193
45.9456062317
0.945606231689
44.0543937683
89.054397583
78.9141769409
33.9141769409
11.0858249664
56.0858230591
25.8084487915
19.1915512085
64.1915512085
109.191551208
142.421112061
97.4211120605
52.4211120605
7.42111206055
134.001434326
89.0014343262
44.0014343262
0.998565673828
15.5887680054
60.5887680054
105.588768005
150.588775635
14.3698959351
59.3698959351
104.369895935
149.369903564
5.94292831421
39.0570716858
84.0570678711
129.057067871
15.3749847412
60.3749847412
105.374984741
150.374984741
103.253890991
58.2538871765
13.2538871765
31.7461128235
88.2722549438
43.2722549438
1.7277469635
46.7277450562
20.7642974854
65.7642974854
110.764297485
155.764297485
59.1341133118
14.1341142654
30.8658866882
75.8658828735
82.7551269531
7.24487686157
87.2988739014
2.70112609863
147.492019653
102.492019653
57.4920196533
12.4920196533
148.619338989
103.619338989
58.6193389893
13.6193389893
30.6301040649
14.3698959351
59.3698959351
104.369895935
42.5952339172
2.40476608276
47.4047660828
92.4047698975
83.1422424316
38.1422462463
6.85775375366
51.8577537537
11.4964599609
56.4964599609
101.496459961
146.496459961
24.6210975647
27.4697418213
20.3789024353
65.37890625
117.469741821
110.37890625
89.512298584
0.487697601318
91.8949966431
87.441368103
46.8949966431
42.441368103
1.89499664307
2.55863380432
43.1050033569
47.558631897
52.3410987854
7.34109783173
37.6589012146
82.6589050293
124.552810669
79.5528106689
34.5528106689
10.4471893311
20.6027679443
65.6027679443
110.602767944
155.602767944
13.7538452148
58.7538452148
103.753845215
148.753845215
154.63760376
109.63759613
64.6375961304
19.6375961304
84.7414703369
5.25853347778
31.9623222351
121.96232605
130.934951782
85.9349517822
40.9349517822
4.06504821777
58.5273742676
31.4726257324
60.3749847412
15.3749837875
29.6250152588
74.6250152588
82.5684890747
37.5684890747
7.43151187897
52.4315109253
121.662353516
76.6623535156
31.6623497009
13.3376502991
8.07922744751
36.9207725525
81.9207763672
126.920776367
152.736358643
107.736358643
62.7363586426
17.7363586426
55.0131797791
10.0131797791
34.9868202209
79.9868164062
51.0496559143
6.04965591431
38.9503440857
83.9503479004
52.536239624
7.53624153137
37.463760376
82.463760376
62.9860115051
17.9860115051
27.0139884949
72.0139846802
9.20143127441
35.7985687256
80.7985687256
125.798568726
41.633644104
131.633636475
121.793304443
76.7933044434
31.7933082581
13.2066917419
7.71684265137
37.2831573486
82.2831573486
127.283157349
117.887763977
72.8877639771
27.8877639771
17.1122360229
122.749023438
77.7490234375
32.7490196228
12.2509803772
21.7361068726
23.2638931274
68.2638931274
113.263893127
20.3810195923
65.3810195923
110.381019592
155.381011963
127.703735352
82.7037353516
37.7037315369
7.29626846313
117.887771606
72.8877716064
27.8877677917
17.1122322083
131.023162842
86.0231704712
41.0231704712
3.97682952881
46.6455459595
1.64554405212
43.3544540405
88.3544540405
53.4637565613
8.46375751495
36.5362434387
81.536239624
61.7894058228
16.7894077301
28.2105922699
73.2105941772
53.4637565613
8.46375751495
36.5362434387
81.536239624
69.8859405518
24.8859443665
20.1140556335
65.1140594482
83.4453964233
38.4453964233
6.55460548401
51.5546035767
72.6944274902
27.6944274902
17.3055725098
62.3055725098
75.9269714355
30.9269676208
14.0730314255
59.0730323792
15.3749847412
60.3749847412
105.374984741
150.374984741
152.530258179
107.530258179
62.5302581787
17.5302581787
140.397277832
95.3972702026
50.3972702026
5.39727020264
134.880126953
89.8801345825
44.8801345825
0.11986541748
118.210594177
73.2105941772
28.2105941772
16.7894058228
27.6944313049
17.3055686951
62.3055686951
107.30557251
6.23979949951
51.2397994995
96.2397994995
141.239807129
138.474395752
93.474395752
48.474395752
3.47439575195
15.9180526733
60.9180526733
105.918052673
150.918060303
137.176849365
92.1768569946
47.1768569946
2.17685699463
134.567901611
89.5679016113
44.5679016113
0.432098388672
141.239807129
96.2397994995
51.2397994995
6.23979949951
88.0560455322
1.94395446777
16.5938644409
61.5938644409
106.593864441
151.59387207
16.1598052979
61.1598052979
106.159805298
151.159805298
73.0378036499
28.0378036499
16.9621963501
61.9621963501
80.5772247314
35.5772247314
9.42277336121
54.4227752686
9.77564239502
54.775642395
99.775642395
144.775634766
2.96334075928
47.9633407593
92.9633407593
137.963348389
5.99563598633
50.9956359863
95.9956359863
140.995635986
3.40650939941
48.4065093994
93.4065093994
138.406509399
99.5053863525
54.5053825378
9.50538253784
35.4946174622
97.756439209
7.75643539429
50.2585411072
5.25854110718
39.7414588928
84.7414550781
46.4624900818
1.46249008179
43.5375099182
88.5375061035
45.020565033
0.020565032959
44.979434967
89.9794311523
58.4097251892
13.4097242355
31.5902748108
76.5902786255
46.6455459595
1.64554405212
43.3544540405
88.3544540405
57.0085220337
12.0085229874
32.9914779663
77.9914779663
62.7363586426
17.7363586426
27.2636413574
72.2636413574
83.2086334229
38.2086372375
6.79136276245
51.7913627625
71.0763320923
26.0763339996
18.9236660004
63.923664093
73.0275421143
28.0275402069
16.9724597931
61.9724617004
74.6250152588
29.6250152588
15.3749837875
60.3749847412
67.5
22.5
22.5
67.5
135.698577881
90.6985855103
83.302520752
45.6985855103
0.698585510254
6.69748306274
121.246162415
76.2461624146
31.2461624146
13.7538375854
152.736358643
107.736358643
62.7363586426
17.7363586426
150.657226562
105.657226562
60.6572265625
15.6572265625
62.8645362854
17.8645362854
27.1354637146
72.1354598999
62.6009063721
17.6009063721
27.3990936279
72.3990936279
80.224357605
35.224357605
9.77564430237
54.775642395
79.1893692017
34.1893692017
10.810631752
55.8106307983
69.474937439
24.4749336243
20.5250663757
65.525062561
13.3376464844
58.3376464844
103.337646484
148.337646484
61.6556091309
16.6556091309
28.3443908691
73.3443908691
55.3542671204
34.6457328796
82.7551269531
7.24487686157
123.213119507
78.2131195068
33.2131233215
11.7868766785
93.6139144897
3.61391448975
155.710083008
110.710083008
65.7100830078
20.7100830078
96.9758911133
51.9758911133
6.97588920593
38.0241088867
9.77564239502
35.224357605
80.224357605
125.224357605
5.05281066895
39.9471893311
84.9471893311
129.947189331
16.5938644409
61.5938644409
106.593864441
151.59387207
54.0042648315
35.9957351685
60.7901611328
15.7901630402
29.2098369598
74.2098388672
72.4697418213
17.5302581787
55.2995300293
10.299530983
34.7004699707
79.7004699707
43.2722549438
133.272247314
114.790611267
69.7906112671
24.7906112671
20.2093887329
102.008522034
57.0085220337
12.0085220337
32.9914779663
103.753837585
58.7538375854
13.7538375854
31.2461624146
37.2435646057
37.2435646057
7.75643539429
7.75643539429
52.7564353943
52.7564353943
97.756439209
97.756439209
151.59387207
106.593864441
61.5938644409
16.5938644409
149.073028564
104.073028564
59.0730285645
14.0730285645
72.8168411255
27.8168430328
17.1831569672
62.1831588745
146.614471436
101.614471436
56.6144714355
11.6144714355
145.235229492
100.235229492
55.2352294922
10.2352294922
29.6250190735
4.06504821777
15.3749809265
40.9349517822
60.3749809265
85.9349517822
105.374984741
130.934951782
18.5548171997
63.5548171997
108.5548172
153.55480957
144.259475708
99.259475708
54.259475708
9.25947570801
0.333656311035
44.666343689
89.666343689
134.666351318
19.8974380493
64.8974380493
109.897438049
154.89743042
13.0376815796
58.0376815796
103.03768158
148.037689209
153.808624268
108.808616638
63.8086166382
18.8086166382
69.1365737915
24.1365776062
20.8634223938
65.8634262085
12.1951560974
32.8048439026
77.8048400879
122.804840088
8.46375274658
53.4637527466
98.4637527466
143.463745117
150.620391846
105.620391846
60.6203918457
15.6203918457
131.541229248
86.541229248
41.541229248
3.45877075195
124.964935303
79.9649353027
34.9649353027
10.0350646973
10.9059066772
55.9059066772
100.905906677
145.905914307
150.482315063
105.482315063
60.4823150635
15.4823150635
1.38944244385
46.3894424438
91.3894424438
136.389434814
107.787345886
62.7873458862
17.7873458862
27.2126541138
22.1741638184
22.8258361816
67.8258361816
112.825836182
50.069984436
5.06998634338
39.930015564
84.930015564
70.1377258301
25.1377277374
19.8622722626
64.8622741699
65.542350769
20.5423545837
24.4576454163
69.457649231
42.7646179199
2.23538017273
47.2353820801
92.2353820801
27.5083236694
17.4916763306
62.4916763306
107.491676331
97.9839630127
7.983959198
119.826148987
29.8261489868
13.9132080078
58.9132080078
103.913208008
148.913208008
18.6859283447
63.6859283447
108.685928345
153.685928345
53.4637565613
8.46375751495
36.5362434387
81.536239624
59.7348327637
14.7348337173
30.2651672363
75.2651672363
62.5302581787
17.5302581787
27.4697418213
72.4697418213
14.7348327637
59.7348327637
104.734832764
149.734832764
5.25853347778
39.7414665222
84.7414703369
129.741470337
3.57535552979
48.5753555298
93.5753555298
138.5753479
22.5
67.5
112.5
157.5
125.028808594
80.0288085938
35.0288085938
9.97119140625
14.3698959351
30.6301040649
75.6301040649
120.630104065
4.06505584717
94.0650558472
95.9429321289
50.9429283142
5.94292831421
39.0570716858
126.536247253
81.5362472534
36.5362472534
8.46375274658
102.63419342
57.6341934204
12.6341934204
32.3658065796
89.7490234375
44.7490234375
0.2509765625
45.2509765625
106.972457886
61.9724578857
16.9724578857
28.0275421143
70.3624038696
25.362405777
19.637594223
64.6375961304
83.7602081299
38.7602043152
6.23979568481
51.2397956848
63.554813385
18.554813385
26.445186615
71.4451828003
65.1140594482
20.1140556335
24.8859443665
69.8859405518
63.8086128235
18.8086147308
26.1913852692
71.1913833618
102.63419342
57.6341934204
12.6341934204
32.3658065796
106.427536011
61.4275398254
16.4275398254
28.5724601746
83.1422424316
38.1422462463
6.85775375366
51.8577537537
81.536239624
36.5362434387
8.46375751495
53.4637565613
148.823364258
103.823371887
58.8233718872
13.8233718872
151.690933228
106.690933228
61.6909332275
16.6909332275
147.758453369
102.75844574
57.7584457397
12.7584457397
148.214050293
103.214050293
58.214050293
13.214050293
102.957595825
12.9575958252
148.969238281
103.969230652
58.9692306519
13.9692306519
17.0596618652
62.0596618652
107.059661865
152.059661865
15.0685882568
60.0685882568
105.068588257
150.068588257
120.265167236
75.2651672363
30.2651672363
14.7348327637
86.5934906006
41.5934906006
3.40650939941
48.4065093994
84.7414550781
39.7414588928
5.25854110718
50.2585411072
73.5181808472
28.5181808472
16.4818191528
61.4818191528
28.7314548492
61.2685470581
51.0181045532
6.01810264587
38.9818954468
83.9818954468
129.427520752
84.4275131226
39.4275131226
5.57248687744
134.511291504
44.5112838745
25.8664608002
64.1335372925
80.3042678833
35.3042640686
9.69573497772
54.6957359314
99.5053787231
9.50537872314
136.462493896
91.4624938965
46.4624938965
1.46249389648
135.250976562
90.2509765625
45.2509765625
0.2509765625
20.6523895264
65.6523895264
110.652389526
155.652389526
155.525054932
110.525062561
65.525062561
20.525062561
153.101287842
108.101295471
63.1012954712
18.1012954712
150.918060303
105.918052673
60.9180526733
15.9180526733
155.454589844
110.454589844
65.4545898438
20.4545898438
9.24254608154
54.2425460815
99.2425460815
144.242553711
152.144165039
107.144172668
62.1441726685
17.1441726685
86.8589935303
3.14100646973
81.536239624
36.5362434387
8.46375751495
53.4637565613
71.4451828003
18.554813385
8.46375274658
53.4637527466
98.4637527466
143.463745117
135.698577881
90.6985855103
45.6985855103
0.698585510254
57.7724227905
12.7724218369
32.2275772095
77.2275772095
44.8801383972
0.119861602783
45.1198616028
90.1198577881
47.5168914795
2.51689338684
42.4831085205
87.4831085205
48.3209915161
3.32099151611
41.6790084839
86.6790084839
7.24487686157
37.7551231384
82.7551269531
127.755126953
8.76373672485
36.2362632751
81.2362670898
126.23626709
4.06504821777
40.9349517822
85.9349517822
130.934951782
16.1598052979
61.1598052979
106.159805298
151.159805298
145.731719971
100.731712341
55.7317123413
10.7317123413
150.068588257
105.068588257
60.0685882568
15.0685882568
152.059661865
107.059661865
62.0596618652
17.0596618652
79.3886566162
34.3886566162
10.6113414764
55.6113433838
5.64434051514
84.3556594849
113.968795776
68.9687957764
23.9687995911
21.0312004089
107.30557251
17.3055686951
51.8577537537
6.85775375366
38.1422462463
83.1422424316
57.7330741882
12.7330751419
32.2669258118
77.2669219971
83.4305496216
6.56945133209
13.5273742676
103.527374268
13.2538871765
76.7461090088
61.7894058228
28.2105922699
102.008522034
12.0085220337
94.7161102295
46.1293754578
4.71611213684
43.8706245422
73.2105941772
28.2105922699
16.7894077301
61.7894058228
77.624671936
32.624671936
12.375328064
57.375328064
57.375328064
12.375328064
32.624671936
77.624671936
66.0265808105
21.0265846252
23.9734153748
68.9734191895
60.0041427612
50.9429283142
15.0041427612
29.9958572388
39.0570716858
74.9958572388
18.9236679077
63.9236679077
108.923667908
153.923675537
15.1942367554
60.1942367554
105.194236755
150.194244385
14.3920059204
59.3920059204
104.39200592
149.391998291
52.258644104
7.25864505768
37.741355896
82.741355896
49.6986122131
4.69861221313
40.3013877869
85.3013916016
47.4287033081
2.42870330811
42.5712966919
87.5712966919
18.1012954712
63.1012954712
108.101295471
153.101287842
24.3476142883
20.6523857117
65.6523895264
110.652389526
80.4946136475
35.4946136475
9.50538444519
54.5053863525
101.190063477
56.1900672913
11.1900672913
33.8099327087
128.024108887
83.0241088867
38.024105072
6.97589492798
18.6859283447
63.6859283447
108.685928345
153.685928345
115.679832458
70.6798324585
25.6798324585
19.3201675415
70.3624038696
25.362405777
19.637594223
64.6375961304
103.884353638
58.884349823
13.884349823
31.115650177
4.06505584717
49.0650558472
94.0650558472
139.065063477
15.2691078186
29.7308921814
74.7308959961
119.730895996
141.889465332
96.8894577026
51.8894577026
6.88945770264
111.807235718
66.8072357178
21.8072357178
23.1927642822
110.476150513
65.4761505127
20.4761505127
24.5238494873
13.4097213745
58.4097213745
103.409721375
148.409729004
142.077835083
97.077835083
52.077835083
7.07783508301
128.889541626
83.889541626
38.889541626
6.11045837402
102.811210632
57.8112106323
12.8112106323
32.1887893677
137.363693237
92.3636932373
47.3636932373
2.3636932373
80.4946136475
35.4946136475
9.50538444519
54.5053863525
85.4279174805
40.4279174805
4.57208061218
49.5720825195
80.4946136475
35.4946136475
9.50538444519
54.5053863525
36.9702949524
53.0297050476
59.5189666748
14.5189676285
30.4810333252
75.4810333252
88.3544540405
1.64554595947
131.679016113
86.6790084839
41.6790084839
3.32099151611
132.298873901
87.2988739014
42.2988739014
2.70112609863
55.5238647461
10.5238666534
34.4761352539
79.4761352539
150.909820557
105.909820557
60.9098205566
15.9098205566
135.119873047
45.1198654175
82.922164917
7.07783889771
100.731712341
94.0650482178
55.7317123413
49.0650482178
50.3972702026
10.7317123413
4.06504821777
34.2682876587
40.9349517822
39.6027297974
51.9758911133
6.97588920593
38.0241088867
83.0241088867
9.0945892334
54.0945892334
99.0945892334
144.094589233
13.6649398804
58.6649398804
103.66493988
148.66494751
60.1004066467
15.1004076004
29.8995933533
74.8995895386
62.9306335449
17.9306354523
27.0693645477
72.0693664551
33.2842979431
11.7157020569
56.7157020569
101.715698242
29.6250190735
15.3749809265
60.3749809265
105.374984741
31.115650177
13.884349823
58.884349823
103.884353638
20.6206512451
65.6206512451
110.620651245
155.620651245
19.7072982788
109.707298279
91.2026443481
1.20264625549
17.6009063721
62.6009063721
107.600906372
152.600906372
102.106719971
57.1067199707
12.1067199707
32.8932800293
54.625
9.625
35.375
80.375
73.5090026855
28.5090065002
16.4909934998
61.4909934998
74.8057556152
29.8057594299
15.1942405701
60.1942405701
12.7475738525
57.7475738525
102.747573853
147.747573853
58.9481658936
13.9481658936
31.0518341064
76.0518341064
74.1277542114
29.1277523041
15.8722476959
60.8722496033
82.1513595581
37.1513595581
7.84864234924
52.8486404419
17.3055725098
155.992553711
19.5643234253
62.3055725098
110.99256134
64.5643234253
107.30557251
65.9925613403
109.564323425
152.30557251
20.9925613403
154.564331055
80.4946136475
9.50538253784
48.059967041
3.05996513367
41.940032959
86.940032959
112.5
67.5
22.5
22.5
122.282409668
77.282409668
32.282409668
12.717590332
154.89743042
109.897438049
64.8974380493
19.8974380493
149.369903564
104.369895935
59.3698959351
14.3698959351
153.923675537
108.923667908
63.9236679077
18.9236679077
84.0043640137
39.004360199
5.99563980103
50.995639801
11.8803443909
33.1196556091
78.1196594238
123.119659424
13.0376815796
58.0376815796
103.03768158
148.037689209
111.715179443
66.7151794434
21.7151794434
23.2848205566
8.81906890869
53.8190689087
98.8190689087
143.819061279
10.8843307495
55.8843307495
100.88433075
145.884338379
12.5075912476
57.5075912476
102.507591248
147.507598877
97.2448806763
97.2448806763
52.2448806763
52.2448806763
7.24488258362
7.24488258362
37.7551193237
37.7551193237
104.684707642
59.6847038269
14.6847038269
30.3152961731
3.32098960876
93.3209915161
107.30557251
62.3055686951
17.3055686951
27.6944313049
82.4314193726
37.4314193726
7.56858253479
52.5685806274
75.6301040649
30.6301040649
14.3698968887
59.3698959351
42.724861145
47.275138855
90.6985931396
45.698589325
0.698589324951
44.301410675
90.3336486816
45.3336524963
0.333652496338
44.6663475037
24.9895534515
65.0104446411
84.1992492676
39.1992454529
5.80075454712
50.8007545471
67.5
22.5
22.5
67.5
54.1075057983
35.8924942017
67.5
22.5
22.5
67.5
63.2636032104
18.2636051178
26.7363948822
71.7363967896
9.625
54.625
99.625
144.625
4.06505584717
49.0650558472
94.0650558472
139.065063477
23.9688034058
21.0311965942
66.0311965942
111.031196594
118.509002686
73.5090026855
28.5090065002
16.4909934998
65.9518432617
20.9518413544
24.0481586456
69.0481567383
10.7748908997
34.2251091003
79.225112915
124.225112915
21.3308639526
23.6691360474
68.6691360474
113.669136047
51.0514526367
6.05145454407
38.9485473633
83.9485473633
67.5
22.5
22.5
67.5
13.9908256531
31.0091743469
76.0091705322
121.009170532
8.2354850769
81.7645111084
15.1942405701
74.8057556152
15.1942405701
74.8057556152
10.8663635254
55.8663635254
100.866363525
145.866363525
140.641601562
95.6415939331
50.6415939331
5.64159393311
52.2448806763
52.756439209
7.24488162994
7.75643730164
37.7551193237
37.243560791
82.7551193237
82.243560791
135.250976562
90.2509765625
45.2509765625
0.2509765625
90.4320983887
45.4320983887
0.432098388672
44.5679016113
76.3806610107
13.6193418503
87.1538238525
96.3865814209
90.9286880493
42.1538238525
51.3865814209
45.9286880493
2.84617614746
6.3865814209
0.928689956665
47.8461761475
38.6134185791
44.0713119507
148.037689209
103.03768158
58.0376815796
13.0376815796
12.375328064
32.624671936
77.624671936
122.624671936
106.159805298
61.1598091125
16.1598091125
28.8401908875
109.320167542
64.3201675415
19.3201675415
25.6798324585
4.06505584717
49.0650558472
94.0650558472
139.065063477
144.365966797
99.3659744263
54.3659744263
9.36597442627
151.59387207
106.593864441
61.5938644409
16.5938644409
145.731719971
100.731712341
55.7317123413
10.7317123413
106.593864441
16.5938644409
153.685928345
108.685928345
63.6859283447
18.6859283447
14.3698959351
59.3698959351
104.369895935
149.369903564
8.46375274658
53.4637527466
98.4637527466
143.463745117
17.9260864258
62.9260864258
107.926086426
152.926086426
99.775642395
54.775642395
9.77564239502
35.224357605
94.0650482178
49.0650482178
4.06504821777
40.9349517822
47.5168914795
2.51689338684
42.4831085205
87.4831085205
29.6250190735
15.3749809265
60.3749809265
105.374984741
45.6985931396
0.6985912323
44.3014068604
89.3014068604
39.0570716858
5.94292831421
50.9429283142
95.9429321289
11.1900672913
33.8099327087
78.8099365234
123.809936523
118.406143188
73.4061431885
28.4061431885
16.5938568115
50.5724868774
5.57248878479
39.4275131226
84.4275131226
25.1025619507
64.8974380493
80.4946136475
35.4946136475
9.50538444519
54.5053863525
18.68592453
26.31407547
71.3140716553
116.314071655
139.065063477
94.0650558472
49.0650558472
4.06505584717
18.923664093
26.076335907
71.0763397217
116.076339722
146.614471436
101.614471436
56.6144714355
11.6144714355
7.56858062744
52.5685806274
97.5685806274
142.568572998
1.05226135254
46.0522613525
91.0522613525
136.052261353
0.432098388672
44.5679016113
89.5679016113
134.567901611
2.17685699463
47.1768569946
92.1768569946
137.176849365
45.2509765625
0.2509765625
44.7490234375
89.7490234375
52.2448806763
7.24488162994
37.7551193237
82.7551193237
36.0704345703
8.92956542969
53.9295654297
98.9295654297
149.821594238
104.821601868
59.8216018677
14.8216018677
