0.5346254554927042
0.5506581937310439
0.5346252810839098
0.5506587936141
0.582106401189458
0.6032501827994065
0.582106401189458
0.6032501827994065
0.5271525000510559
0.5469254403818765
0.5271525000510559
0.5469254403818765
0.6440475898840792
0.6754750594211862
0.6440471853090257
0.6754757249987675
0.5120011164620437
0.5357113988567199
0.5120011164620437
0.5357113988567199
0.5934134086295588
0.5544548795401576
0.5934133947159033
0.554455470751714
0.5386552621626174
0.5557578294612364
0.5386558206497297
0.5557580077899233
0.6011051860954795
0.5971219529801404
0.6011051860954795
0.5971219529801404
0.5775662277307146
0.5881725986132291
0.5775662277307146
0.5881725986132291
0.5961416999455956
0.6357981070552423
0.5961416999455956
0.6357981070552423
0.5721717513446596
0.5735563765058456
0.5721716005770623
0.5735569898115126
0.6141995992462935
0.5886957361987155
0.6141995583430775
0.588696465804346
0.6526204042231224
0.6276392455784655
0.6526204042231224
0.6276392455784655
0.6654193940282823
0.735159052662841
0.6654193940282823
0.735159052662841
0.6050942604788175
0.6181366509497639
0.6050942604788175
0.6181366509497639
0.6175829125681969
0.6841533590922975
0.6175829125681969
0.6841533590922975
0.5083340709061719
0.5060942147206142
0.5083340709061719
0.5060942147206142
0.6560396490138974
0.6581957881246571
0.6560395277225313
0.6581959574717797
0.6099772838524435
0.6263165749793992
0.576870821862198
0.6181654364613568
0.6099771412446042
0.6263164783941184
0.5768708324850349
0.6181654657579612
0.6112590787278438
0.6494405906782578
0.6112594909019667
0.6494410488729975
0.5390724624270146
0.5778822031166733
0.5390724624270146
0.5778822031166733
0.5012662787547566
0.5012658872900653
0.6035265956216133
0.5993901454106368
0.6035265787819761
0.5993899845796605
0.5841775501330714
0.5898960147186865
0.5841775501330714
0.5898960147186865
0.5138931723364555
0.519158771393058
0.5138931723364555
0.519158771393058
0.5485628254841094
0.6151904676193765
0.5876230269710364
0.5485628254841094
0.6151904676193765
0.5876230269710364
0.5507533211978545
0.5561079216891393
0.5507533211978545
0.5561079216891393
0.5167158905360912
0.5180204245766579
0.5167158905360912
0.5180204245766579
0.5573623165178285
0.5676500449940903
0.5573623165178285
0.5676500449940903
0.5642571513473649
0.5908553032948617
0.5642571513473649
0.5908553032948617
0.6642731173559052
0.6902747766240543
0.6642731173559052
0.6902747766240543
0.524537519300489
0.5334917584144676
0.524537519300489
0.5334917584144676
0.5324559309012619
0.5175813287731609
0.5324559309012619
0.5175813287731609
0.5012640781956184
0.5012640781956184
0.5855516491965752
0.5963523293829958
0.5855514511405282
0.596352533879575
0.6126128419189466
0.6186866917820286
0.612612645312242
0.6186868848491124
0.5111766827256993
0.5111764118058352
0.6226296518319892
0.6625979742792777
0.6226296518319892
0.6625979742792777
0.5752096012472173
0.5948273549799481
0.5752096012472173
0.5948273549799481
0.6217747611040693
0.6330235539069838
0.6217747611040693
0.6330235539069838
0.5297395500235299
0.5484023781954871
0.5297395500235299
0.5484023781954871
0.5016572168075746
0.5123780616202489
0.5016572168075746
0.5123780616202489
0.5069431997137079
0.5069435600606637
0.502494217832115
0.502494217832115
0.5321943416905377
0.5064017589605513
0.5321943416905377
0.5064017589605513
0.6715774901338529
0.6605505215113291
0.6715774901338529
0.6605505215113291
0.6535189175540984
0.6759477236052318
0.6535189175540984
0.6759477236052318
0.5085018615540849
0.5378635437717683
0.508501550387748
0.5378637852969083
0.5214626215279611
0.5292549135272918
0.5214625756175211
0.5214626215279611
0.5292549135272918
0.5214625756175211
0.5046646662486883
0.5046646662486883
0.5100388925348583
0.5235031601169287
0.5100388925348583
0.5235031601169287
0.5968578247267938
0.6148015054106332
0.5968578243684338
0.6148018710938192
0.5814846406173261
0.5643006719526855
0.5814850852721625
0.5643007161526068
0.5902701704883102
0.5501599544389718
0.5902701704883102
0.5501599544389718
0.5052879998589208
0.5052879998589208
0.5299024673878066
0.5324236689222707
0.5299024673878066
0.5324236689222707
0.596468769799219
0.5510622932948043
0.596468769799219
0.5510622932948043
0.5803714483591813
0.5518589655787474
0.5803714483591813
0.5518589655787474
0.5181800778483702
0.5262814454472022
0.5181803293315367
0.5262820192142796
0.5947227011708381
0.5749831207911499
0.5947227011708381
0.5749831207911499
0.5305865424995545
0.5221407259406007
0.5305865424995545
0.5221407259406007
0.614316743697356
0.6521362289933442
0.614316743697356
0.6521362289933442
0.5837904541739962
0.5745532812295294
0.5837904541739962
0.5745532812295294
0.5261249729919093
0.5227778136376169
0.5261256608021476
0.522778068256508
0.5213864799999337
0.5213864799999337
0.5485701623256934
0.5265943511285262
0.5485701623256934
0.5265943511285262
0.5647728341999428
0.5483191535263631
0.5647728341999428
0.5483191535263631
0.5552215053247002
0.5276197692345665
0.5552215053247002
0.5276197692345665
0.7682457394454861
0.6793716254707542
0.7682457394454861
0.6793716254707542
0.5118259433972298
0.5061829445551594
0.5118259433972298
0.5061829445551594
0.5144048433596982
0.5561319221254535
0.5144048433596982
0.5561319221254535
0.5131558680323289
0.5036774475080082
0.5131554014764562
0.5036777634005327
0.522342858411606
0.5278939925479585
0.522342858411606
0.5278939925479585
0.504996819502877
0.504996819502877
0.5719006870037272
0.6122332946487289
0.5719006870037272
0.6122332946487289
0.5240776379478344
0.5003235219325552
0.531491173350616
0.5240776379478344
0.5003235219325552
0.531491173350616
0.6084006923827479
0.5546311596935044
0.6084002855457818
0.5546317248540673
0.6090316412247678
0.5563550244878653
0.6090316412247678
0.5563550244878653
0.5184784044962636
0.5184784044962636
0.5090222573467578
0.5090222573467578
0.5114197762626562
0.5368572418701592
0.509667594093595
0.5470535688886348
0.5114197762626562
0.5368572418701592
0.509667594093595
0.5470535688886348
0.5230620231750742
0.5294166130184745
0.5230620231750742
0.5294166130184745
0.700349887119429
0.6383918570197952
0.700349887119429
0.6383918570197952
0.5122519554229281
0.5122519554229281
0.5424660852783965
0.5295657847151989
0.542465330985838
0.5295663574202994
0.5673458999072559
0.5647930580879286
0.5673458999072559
0.5647930580879286
0.5859265236050525
0.6240821591786997
0.5859265236050525
0.6240821591786997
0.5382936263560463
0.5185135328120052
0.5382936263560463
0.5185135328120052
0.5924433531529584
0.6484786221628821
0.5924434332762043
0.648478527158965
0.6985697110726644
0.760828098185908
0.698569716062261
0.7608285416452542
0.6008395521255553
0.6313088477560833
0.6008394796589096
0.6313088477560833
0.5623092475336086
0.5687098312270332
0.5623092475336086
0.5687098312270332
0.5091946273181605
0.5098471504237142
0.5091946902046196
0.5098471504237142
0.5871198858049581
0.5786546013510547
0.5871198858049581
0.5786546013510547
0.515272207685466
0.5172272062833538
0.515272207685466
0.5172272062833538
0.5329546045490714
0.5329546045490714
0.7140258526515231
0.6701053575239253
0.7140258526515231
0.6701053575239253
0.571085028276946
0.5617924584156182
0.571085028276946
0.5617924584156182
0.673388015638285
0.6444869040654632
0.673388015638285
0.6444869040654632
0.5237793808004826
0.5249220839280356
0.5237793808004826
0.5249220839280356
0.5210647506468937
0.5036519015424177
0.5210647506468937
0.5036519015424177
0.5417769649817075
0.5211124478047063
0.5417769649817075
0.5211124478047063
0.6529126296062756
0.5985784885614133
0.6529126833268367
0.5985784834783813
0.6744684187445119
0.6543810988644511
0.6744684187445119
0.6543810988644511
0.6085014861471563
0.6281322112529946
0.6085018178196309
0.6281316736392034
0.5130183515986997
0.5324034797347984
0.5130183515986997
0.5324034797347984
0.5177822520256983
0.5140606062801331
0.5177822520256983
0.5140606062801331
0.57661937701123
0.5639111736371023
0.57661937701123
0.5639111736371023
0.5375919122103268
0.5179562406371832
0.5375919122103268
0.5179562406371832
0.5037289507667253
0.5071775462745163
0.5037289507667253
0.5071775462745163
0.6039627431561615
0.6117511672594163
0.5736859232943159
0.6221681229614907
0.6039627431561615
0.6117511672594163
0.5736859232943159
0.6221681229614907
0.5017940626077254
0.5233682767889115
0.5017940626077254
0.5233682767889115
0.6250216159054856
0.6217953366634607
0.6250216159054856
0.6217953366634607
0.512199266655647
0.512199266655647
0.5455499091876622
0.582647731460325
0.5455499091876622
0.582647731460325
0.5831180891799888
0.5559952656762966
0.5831180486236294
0.5559952468677615
0.5615088832074154
0.5347946334903434
0.5615088363679055
0.5347945911316715
0.5592390784948031
0.5517474893298029
0.5592390784948031
0.5517474893298029
0.5672031885802533
0.571696647603904
0.5672031885802533
0.571696647603904
0.6590071287707142
0.6906566176802523
0.6590084912761172
0.6906569170198146
0.6315484006212989
0.614397805474686
0.6315495321315999
0.6143980407873832
0.6105667623740841
0.6221493974483382
0.6105667623740841
0.6221493974483382
0.5836300349484455
0.5669109761357387
0.5836300349484455
0.5669109761357387
0.5018277025698045
0.5283254847494767
0.5018277025698045
0.5283254847494767
0.6046298361447446
0.689621474043726
0.6046298361447446
0.689621474043726
0.5244699635291293
0.5012348737873867
0.5244698540980762
0.5012354385703622
0.7048138254687165
0.818870920568383
0.7048138254687165
0.818870920568383
0.5961777199671681
0.6089002919462916
0.5961777199671681
0.6089002919462916
0.6053384524837244
0.6566345215397468
0.6053384524837244
0.6566345215397468
0.6181063450770363
0.6055172880344104
0.6181063450770363
0.6055172880344104
0.6992004644469827
0.6461671924185501
0.6992004644469827
0.6461671924185501
0.514021209140258
0.522183581654953
0.514021209140258
0.522183581654953
0.5558217851517886
0.5502850952924646
0.5558217851517886
0.5502850952924646
0.5661788779788992
0.5603985337001346
0.5661788779788992
0.5603985337001346
0.5618624280511842
0.5470919491008644
0.5618624280511842
0.5470919491008644
0.5157646399891904
0.5165882972996577
0.5157646399891904
0.5165882972996577
0.612023174449054
0.6188958187016212
0.612023174449054
0.6188958187016212
0.5462951733853556
0.5585971492098236
0.5462951733853556
0.5585971492098236
0.5479295953660802
0.5300033005444481
0.5479295953660802
0.5300033005444481
0.5649155182102044
0.5275979284808404
0.5649154038966808
0.5275984173809856
0.6858260409206799
0.6793623712941539
0.6858260409206799
0.6793623712941539
0.533021446430249
0.5272713912868577
0.533021446430249
0.5272713912868577
0.7137454831501316
0.7256230251134704
0.7137454831501316
0.7256230251134704
0.5009868141033941
0.5061493921503036
0.5009864797682202
0.5061497704134286
0.5204717567495127
0.5192544783822244
0.5204717567495127
0.5192544783822244
0.5144385211490997
0.5118256266569539
0.5144385211490997
0.5118256266569539
0.5053910544136155
0.5107240565879204
0.5053910544136155
0.5107240565879204
0.5054428291512876
0.5143976505113605
0.5054428291512876
0.5143976505113605
0.5018669554694334
0.5018674043019523
0.6317232277237307
0.6293299571695031
0.6317240917335017
0.6293303878260352
0.5542371885891118
0.5566109415323129
0.5542371885891118
0.5566109415323129
0.6011683564633152
0.601168352911766
0.6011688161573414
0.6011683937128525
0.5010277048288381
0.5010271701603902
0.5439851358989172
0.5335812261823666
0.5439851358989172
0.5335812261823666
0.6427894703680173
0.6181500787171462
0.6427894703680173
0.6181500787171462
0.721277166626754
0.6986056751280335
0.721277166626754
0.6986056751280335
0.6550334414603558
0.6652347763730215
0.6550334414603558
0.6652347763730215
0.6875950824424452
0.6677586073306694
0.6875950824424452
0.6677586073306694
0.7906338535938496
0.6728803291706291
0.7906338535938496
0.6728803291706291
0.5336851897668682
0.5133009551375006
0.5336849967462959
0.513301491524268
0.5146825582232104
0.5154981402882294
0.5146826927217658
0.5154985491089193
0.6250511407494224
0.5912121081062451
0.6250516053144268
0.5912122593723578
0.5384903190137363
0.5208940170867847
0.5384902566698927
0.5208944084100243
0.6030418066256537
0.6337791002066011
0.6030421140331301
0.6337789473180465
0.5075783732397493
0.5011614502722593
0.5075783732397493
0.5011614502722593
0.5103244146194785
0.5103244146194785
0.653670523949823
0.6284522314162182
0.653670523949823
0.6284522314162182
0.5452896068844879
0.5399328682259728
0.5452896068844879
0.5399328682259728
0.5313144719187199
0.5476052487633355
0.5313144719187199
0.5476052487633355
0.6352446994365114
0.6693098143206792
0.6352446994365114
0.6693098143206792
0.5494475917730287
0.609406448666592
0.5494475917730287
0.609406448666592
0.6208239882326508
0.6011170902764933
0.6208239882326508
0.6011170902764933
0.6350726630008743
0.6147976784290667
0.6350726630008743
0.6147976784290667
0.578236003932959
0.5651471445125236
0.578236003932959
0.5651471445125236
0.6486469121055684
0.5994588608305756
0.6486469121055684
0.5994588608305756
0.5998091943998248
0.5893868693593174
0.5998095028380364
0.5893872209581631
0.5012616513039545
0.5012616513039545
0.514462526698345
0.5144626354664373
0.5093507566211462
0.5093502828168703
0.5596698104189831
0.5723216543177718
0.5596698104189831
0.5723216543177718
0.5955765666913526
0.568465546048153
0.5955765666913526
0.568465546048153
0.514793944146411
0.514793944146411
0.7368317581283598
0.7200757378264421
0.7368317581283598
0.7200757378264421
0.5758661881467652
0.5516258021112613
0.5758657410086461
0.5516259418715693
0.5611202543099538
0.5611204207812923
0.5242822935071338
0.5869297746807354
0.5242827653141856
0.5869300482318536
0.5377708030596455
0.5336640140134522
0.5377705329920152
0.5336644034265168
0.546042070658472
0.5450969065353223
0.546042070658472
0.5450969065353223
0.5711142613496596
0.5149368219665529
0.5326225900391125
0.5533704540860096
0.541785058088685
0.5711146871917877
0.5149371501895784
0.5326227347821305
0.5533704304275986
0.5417850960304756
0.5747299997099301
0.5531893561206183
0.5747300139260358
0.5531895070489693
0.5104341353137003
0.5104341353137003
0.517434237322514
0.5406609410928996
0.5299203350474228
0.5200831125166352
0.517434237322514
0.5406609410928996
0.5299203350474228
0.5200831125166352
0.5281902397196112
0.5535837109022257
0.5281902397196112
0.5535837109022257
0.5028997548634838
0.5489300376121028
0.5028996083463486
0.5489306605200373
0.51238612635731
0.5123862026772872
0.6317977973064695
0.6051727384473394
0.6317977973064695
0.6051727384473394
0.6466448295674759
0.637666726196151
0.6466447102880288
0.6376673407720184
0.5167170657506222
0.5255880181903967
0.5167170657506222
0.5255880181903967
0.522569337258156
0.5155686953847417
0.5204860702004426
0.5052323545106402
0.5225701057703531
0.5155692029244272
0.5204863048161639
0.5052326829735484
0.6475270226203711
0.5991218391675329
0.6475270226203711
0.5991218391675329
0.6769507561457403
0.7019332948386412
0.6769507561457403
0.7019332948386412
0.5448877237986135
0.5228293145551927
0.5448877237986135
0.5228293145551927
0.5133690952552454
0.5024404251263309
0.5133687021236967
0.5024409603341804
0.6433520072274523
0.632461090365927
0.6433520072274523
0.632461090365927
0.5217779454411504
0.5290101412949577
0.5217779454411504
0.5290101412949577
0.5540723983697164
0.5497945626477381
0.5540723983697164
0.5497945626477381
0.5322649581269636
0.5352314894439503
0.5322649581269636
0.5352314894439503
0.5257083624299724
0.5266698855928994
0.5257083624299724
0.5266698855928994
0.5318296575784753
0.5160936718714897
0.5318296575784753
0.5160936718714897
0.5011178129823052
0.5325383174644601
0.5011178129823052
0.5325383174644601
0.5084271434974128
0.5011882155604284
0.5084266304552187
0.5011884728004773
0.539845666645306
0.5450917481620574
0.539846329553171
0.5450922579181019
0.5603664788550634
0.523675026220187
0.5603665895386751
0.5236752847284625
0.503441346441855
0.5096339991132668
0.503441498371448
0.5096344014675718
0.5191056744642555
0.5131351331204254
0.5191057219528603
0.5131350544041474
0.6275944948094889
0.6405431606693976
0.6275944948094889
0.6405431606693976
0.5512977397140265
0.5438416490442762
0.5512977397140265
0.5438416490442762
0.5273025597236163
0.5435341798120413
0.5273020080302702
0.5435348654334181
0.5804024634845676
0.5502551179369722
0.5804032344380243
0.550255402615657
0.5800155946293676
0.6032590753773053
0.5800158763215142
0.6032587338916663
0.6135998206468363
0.6137221737381904
0.6135998206468363
0.6137221737381904
0.6760693199153465
0.6650345492396382
0.6760693199153465
0.6650345492396382
0.5450235523601814
0.5487717437841286
0.5450235523601814
0.5487717437841286
0.5038692935656078
0.5038692935656078
0.5188545500965394
0.5020133990834377
0.5188545500965394
0.5020133990834377
0.5567982755760723
0.5618089886354304
0.5567982755760723
0.5618089886354304
0.5081808402075216
0.5170320714469516
0.5081808402075216
0.5170320714469516
0.5087545011938067
0.5130125346244531
0.5087545011938067
0.5130125346244531
0.54940947049413
0.5137874202642153
0.54940947049413
0.5137874202642153
0.6475397100706838
0.6415852243072735
0.6475397100706838
0.6415852243072735
0.6031762557276648
0.5777925135192682
0.6031762557276648
0.5777925135192682
0.5092809149390164
0.5070521376392019
0.5092809149390164
0.5070521376392019
0.5110803882976241
0.5075758659863566
0.5110803882976241
0.5075758659863566
0.5675424558822191
0.5512246399636004
0.5675424558822191
0.5512246399636004
0.6266166689394332
0.6232153568603057
0.6266166689394332
0.6232153568603057
0.6467901604452676
0.668913092481737
0.6467901672426719
0.6689135554480219
0.6160509730660969
0.6244752986865607
0.6160509779791248
0.624475503516729
0.5850355115746815
0.5759358854505955
0.5850351850976254
0.5759357553702767
0.5115256773020105
0.5087120676119126
0.5115256773020105
0.5087120676119126
0.5185253932364949
0.5310969335021107
0.5185253932364949
0.5310969335021107
0.7040014021748133
0.65382864529742
0.7040014021748133
0.65382864529742
0.5967590986236879
0.5954028742713295
0.5967587126644259
0.5954030162317967
0.5031335751375194
0.5031334955050963
0.6038826949113534
0.6482059089474288
0.6038825613998522
0.6482061036649657
0.5083833808980581
0.5083833808980581
0.5855573988592122
0.5855573947855427
0.5855573988592122
0.5855573947855427
0.6391768584967571
0.641212591967221
0.6391768584967571
0.641212591967221
0.5424213030914681
0.5425692699874869
0.5424213030914681
0.5425692699874869
0.5333314897498305
0.5342400430803941
0.533331517206697
0.5342405547937683
0.5466390456491477
0.575701520270797
0.5466390456491477
0.575701520270797
0.6800114967760073
0.7472339383256562
0.6800114967760073
0.7472339383256562
0.5137639358484091
0.5005944415730195
0.5137639358484091
0.5005944415730195
0.5031493881362904
0.5031493881362904
0.5871320611068012
0.5871840257035178
0.5871321829985778
0.5871841165734795
0.5529779337713076
0.5607816154189605
0.5529779337713076
0.5607814708157876
0.5641276615180996
0.5787007567573664
0.5641273681161355
0.5787004605452886
0.5487846876237175
0.5337373516642043
0.5487846876237175
0.5337373516642043
0.5446206910915677
0.5461227891448239
0.5446206910915677
0.5461227891448239
0.5476087530462791
0.5270337428792295
0.5476087530462791
0.5270337428792295
0.5963842955612635
0.59671515657931
0.5963842955612635
0.59671515657931
0.6450001541303085
0.6512373591815505
0.6450001541303085
0.6512373591815505
0.5631084704482457
0.5593938342386444
0.5631084704482457
0.5593938342386444
0.5955950014113858
0.6528886678575502
0.5955950014113858
0.6528886678575502
0.5201956242840612
0.5240450868617893
0.5201956242840612
0.5240450868617893
0.507878631307088
0.507878631307088
0.5097665171775589
0.5097665171775589
0.6198116909639416
0.6302912413468394
0.6198115645660746
0.6302914006241802
0.532817944226005
0.5373391450287234
0.5328184821138703
0.5373395054682522
0.6563577619713071
0.6563577116286082
0.6563577619713071
0.6563577116286082
0.7571596533866464
0.6764691852332314
0.7571596533866464
0.6764691852332314
0.514775394806427
0.5088649366056686
0.514775394806427
0.5088649366056686
0.5672464508765698
0.5350290896143408
0.5672464508765698
0.5350290896143408
0.5358630570650363
0.5292203656889808
0.5358630570650363
0.5292203656889808
0.5430698727975503
0.5472432185010254
0.5430698727975503
0.5472432185010254
0.607412416249119
0.6261049506553584
0.6074128703960607
0.6261048836840593
0.5583929463674842
0.5591705547009238
0.5583929463674842
0.5591705547009238
0.6804343699386162
0.6699112900524228
0.6804343699386162
0.6699112900524228
0.5575870958603267
0.6299833561617431
0.5575870958603267
0.6299833561617431
0.6251900760792718
0.6375042434778608
0.6251900760792718
0.6375042434778608
0.608295121236106
0.6208505460636331
0.6082945829649291
0.6208510388956325
0.6224333166097593
0.6434903179029174
0.6224327037488665
0.6434902935890826
0.5847574085159744
0.5836038209256696
0.5847574689554309
0.58360421919554
0.5763450545263921
0.5850825335329058
0.5763450545263921
0.5850825335329058
0.5712917837601037
0.5760758418921909
0.5712917837601037
0.5760758418921909
0.5939083632990944
0.6112037419121464
0.5939083632990944
0.6112037419121464
0.7365059334995893
0.6582458489595494
0.7365051615762929
0.6582468550322941
0.5815687090080225
0.604141578595956
0.5815687090080225
0.604141578595956
0.5572253472397485
0.5546207568668057
0.5572253472397485
0.5546207568668057
0.6473893803382764
0.6133654578738801
0.647390408125072
0.6133659081826752
0.6558274729305479
0.5930843287615821
0.6558280833558422
0.5930841820844011
0.5959842868322036
0.6107010729106874
0.5959842868322036
0.6107010729106874
0.6539068768205502
0.6458574252583883
0.6539067631056947
0.6458578335823376
0.5354433176637542
0.5461358787910444
0.5354433176637542
0.5461358787910444
0.694969769671015
0.8051692633794235
0.694969769671015
0.8051692633794235
0.7196849275202463
0.6610536853273903
0.7196849275202463
0.6610536853273903
0.5054267914924646
0.5327779966527283
0.5054267914924646
0.5327779966527283
0.6880721414371925
0.6634452844966111
0.6880721414371925
0.6634452844966111
0.5081107052722151
0.5234941279916614
0.5081107052722151
0.5234941279916614
0.7305292801592148
0.6516263391429018
0.7305292095300358
0.6516264611318483
0.5598051524434092
0.5310431441450852
0.5598051524434092
0.5310431441450852
0.514965630984895
0.5228654683390183
0.5105007481574535
0.5200630500311335
0.514965630984895
0.5228654683390183
0.5105007481574535
0.5200630500311335
0.571657160947361
0.5527110906336373
0.571657160947361
0.5527110906336373
0.5498755698493665
0.5438326036612962
0.5498755698493665
0.5438326036612962
0.507676365928236
0.5058432613657505
0.507676365928236
0.5058432613657505
0.5078443583866314
0.508712808274479
0.5078443583866314
0.508712808274479
0.5741627003897072
0.5503244595938153
0.5741629435883016
0.5503243538121257
0.5904025064784784
0.5889233511659345
0.5904025064784784
0.5889233511659345
0.5467277820237633
0.5495077879415072
0.5467277820237633
0.5495077879415072
0.6009207659904471
0.6586526011263809
0.6009207659904471
0.6586526011263809
0.5199606696788032
0.5199606696788032
0.5208643927417003
0.5253068135458043
0.5208643927417003
0.5253068135458043
0.5271285581074748
0.5271288120026856
0.5410768926636366
0.5304327845737145
0.5410768926636366
0.5304327845737145
0.508856147512944
0.508856147512944
0.5733699892238214
0.5316918411362761
0.5733698325459178
0.5316923298496389
0.6152710045285464
0.5842260551495789
0.6152707495704756
0.5842268172195055
0.5802371702406488
0.5224113613952432
0.5802373031322561
0.5224115682971961
0.5465515042059244
0.5165517744839966
0.5465515042059244
0.5165517744839966
0.5172758294634752
0.5102643519067828
0.5172758294634752
0.5102643519067828
0.5275324395058836
0.5275324395058836
0.5001788448520809
0.5128526050316036
0.5001788448520809
0.5128526050316036
0.5126532422799782
0.5018506919123951
0.5126532422799782
0.5018506919123951
0.5372069931937189
0.573652582801746
0.5372070627861516
0.573652534293026
0.6129371144125685
0.5678265713152179
0.5826104290583408
0.5482800260736683
0.6129370983131465
0.5678266049902665
0.5826100771851076
0.548279810579781
0.617885440233542
0.6089640432936667
0.617885440233542
0.6089640432936667
0.5417035968854887
0.5493421556012458
0.5417035968854887
0.5493421556012458
0.5218359167130355
0.5759398341362306
0.5225566052690751
0.5539988560080914
0.5218359167130355
0.5759398341362306
0.5225566052690751
0.5539988560080914
0.5163083065380548
0.5078308270084037
0.5163083065380548
0.5078308270084037
0.5155071013835081
0.5155071013835081
0.5003091409633583
0.5003089360780866
0.7601990807746911
0.6651243926453573
0.7601990807746911
0.6651243926453573
0.7213496698184253
0.6705595963535008
0.7213496698184253
0.6705595963535008
0.7976872472345481
0.7000503259874402
0.7976872472345481
0.7000503259874402
0.506587279720996
0.506587279720996
0.5605056796122071
0.5674900390089465
0.5605057302455925
0.5674904133594412
0.5180442380554156
0.5180432900955371
0.5180436164532184
0.518044123216815
0.5141733863557874
0.51417335722482
0.5141738204065328
0.51417354410341
0.5087044852330621
0.5077940981120881
0.5087044852330621
0.5077940981120881
0.6322064181527278
0.6917528143953541
0.6322063498669003
0.6917536276157916
0.5509879212893082
0.5570237881440094
0.5509884935344342
0.5570237881440094
0.5191225578304202
0.5624551075437277
0.5191225578304202
0.5624551075437277
0.5179224947297844
0.554021698314412
0.5179224947297844
0.554021698314412
0.5279335351984952
0.5279335351984952
0.5991104097033014
0.6768520963167202
0.5991110019089498
0.6768522059787437
0.5186205536593956
0.5186205536593956
0.523407921547081
0.5163896973620359
0.5234077039761029
0.5163900856151888
0.519411576026148
0.5055239588025282
0.519411576026148
0.5055239588025282
0.6383112490674313
0.6332683502040058
0.6383110888393334
0.6332681966712534
0.528882411018111
0.528882411018111
0.528882411018111
0.528882411018111
0.645275506559308
0.6771183040549944
0.645275506559308
0.6771183040549944
0.5605868658727191
0.538148093899783
0.5605869244958457
0.5381482944104882
0.5040783501649323
0.5372111414543972
0.5040787749101119
0.5372116789401926
0.5797981878770435
0.5907731526729706
0.5797985047456129
0.5907731526729706
0.5199369441735645
0.506722449712011
0.5338004913834705
0.5349250881290005
0.5199366469684291
0.5067223285428973
0.5338005747106026
0.5349256776873669
0.6583385710459907
0.6753720202943804
0.6583383351944838
0.6753720446628458
0.5052936436361611
0.5344966567315548
0.5052936436361611
0.5344966567315548
0.5177931244206644
0.5010671385787071
0.5395170677778465
0.5177931244206644
0.5010671385787071
0.5395170677778465
0.526023521688211
0.5202021994978101
0.526023521688211
0.5202021994978101
0.629461437301485
0.6916243788070675
0.629461437301485
0.6916243788070675
0.7015356654826657
0.6744035198156523
0.7015356654826657
0.6744035198156523
0.5001066024907963
0.5001066024907963
0.517981006078019
0.5323319579999134
0.5179809615802363
0.532331923565762
0.5874481210374564
0.5864745221932977
0.5874481210374564
0.5864745221932977
0.5266255531595514
0.5167810528569164
0.5266255531595514
0.5167810528569164
0.6519263057556578
0.5871822526008922
0.5903048084585232
0.5706196805193262
0.6519263057556578
0.5871822526008922
0.5903048084585232
0.5706196805193262
0.6202120609063471
0.5627718592223722
0.6202120609063471
0.5627718592223722
0.5802415798040081
0.528916463574376
0.5802414390621728
0.528916463574376
0.5648930010147079
0.5695590926830598
0.5648930010147079
0.5695590926830598
0.5775787924522034
0.6107272206861044
0.5775787924522034
0.6107272206861044
0.5330809692833163
0.5596785606604512
0.5330809692833163
0.5596785606604512
0.5095685402900402
0.5387521884785725
0.5095685402900402
0.5387521884785725
0.6601910256866049
0.6007033283531868
0.7506609394333852
0.619832700825145
0.6601910256866049
0.6007033283531868
0.7506609394333852
0.619832700825145
0.5023309682107214
0.5023309682107214
0.5432034075286466
0.5573156744745893
0.5432034075286466
0.5573156744745893
0.6320389944575738
0.6355207137378164
0.6320389944575738
0.6355207137378164
0.5023009919978505
0.5092810916516182
0.5023009919978505
0.5092810916516182
0.5426792408062708
0.5236807679147569
0.5426792408062708
0.5236807679147569
0.5053662846756267
0.5053662846756267
0.5453289315981308
0.5653460442621054
0.5453289315981308
0.5653460442621054
0.5309185068618552
0.53533405164784
0.5309185068618552
0.53533405164784
0.5599857005171589
0.5523776493393345
0.5599857005171589
0.5523776493393345
0.51829347733685
0.5176233278638799
0.51829347733685
0.5176233278638799
0.6236124098791187
0.6022651598160247
0.6355910738667141
0.6451090136309455
0.6236124098791187
0.6022651598160247
0.6355910738667141
0.6451090136309455
0.5882994194210541
0.5812889413880327
0.5882994194210541
0.5812889413880327
0.5543546600097263
0.5543546600097263
0.5543546600097263
0.5543546600097263
0.6292562044932415
0.6149536969473713
0.629256571166632
0.6149537753639153
0.5850193316243816
0.5766343840347425
0.5850193316243816
0.5766343840347425
0.5229204885052259
0.522592633690204
0.5229199456949947
0.522593718140906
0.5895156412287754
0.5652811906916768
0.5895154960653399
0.5652817197539217
0.5274098808894562
0.5004890261635359
0.5274098808894562
0.5004890261635359
0.5331070681759673
0.5047281632824583
0.5331070681759673
0.5047281632824583
0.5007775635099553
0.5049962005704349
0.5007775635099553
0.5049962005704349
0.5393830665716505
0.5261302542408399
0.5393833153434733
0.5261299688619027
0.57391223253862
0.6166722271204018
0.57391223253862
0.6166722271204018
0.5417022908896869
0.5282110243917366
0.5417022908896869
0.5282110243917366
0.5552514707640152
0.5375793913169482
0.5552514707640152
0.5375793913169482
0.5581554039372648
0.5697651932161732
0.5581554039372648
0.5697651932161732
0.6005860237473252
0.6056345141160235
0.6005860237473252
0.6056345141160235
0.6142330754798659
0.5831526394284033
0.585458650778946
0.6643390055602912
0.5865086809167082
0.5937289653079273
0.6142331243756022
0.5831526013830653
0.5854579400245106
0.6643394567747467
0.5865087447469278
0.5937291147378614
0.5596741978148059
0.5580686249538648
0.5596735873060386
0.5580690215478585
0.5174349959189406
0.5237079508699476
0.5174347008811031
0.5237084882615017
0.633561022717921
0.653017340269516
0.6335608896489369
0.6530178521190728
0.6050647428885583
0.606493208862017
0.6050649507659615
0.6064934911565745
0.6096910608909933
0.6053532308822962
0.6096910608909933
0.6053532308822962
0.5625476231623227
0.508603673701231
0.6077969534162373
0.5003884658758649
0.5625476231623227
0.508603673701231
0.6077969534162373
0.5003884658758649
0.5473473001916157
0.5478991605585348
0.5473473001916157
0.5478991605585348
0.6292994427295554
0.6382232127719869
0.6292994427295554
0.6382232127719869
0.6465952756976135
0.6964690745651605
0.6465952756976135
0.6964690745651605
0.6514325007846102
0.6608409594951226
0.6514325007846102
0.6608409594951226
0.539919060213439
0.5379840996528902
0.539919060213439
0.5379840996528902
0.505848489256376
0.5070977717030422
0.505848489256376
0.5070977717030422
0.5446068673691068
0.5830182333859713
0.5446068673691068
0.5830182333859713
0.5291866184736262
0.525030674276168
0.529186460600773
0.5250312767564806
0.6101045052314213
0.598892499347272
0.6101045052314213
0.598892499347272
0.5126527364027935
0.5146256784134218
0.5126527364027935
0.5146256784134218
0.5022784640861856
0.5022784640861856
0.5013110410164321
0.5077954636453904
0.5013110410164321
0.5077954636453904
0.5353053546454432
0.5004643786398325
0.5353053546454432
0.5004643786398325
0.560161108555267
0.5459658894251361
0.560161108555267
0.5459658894251361
0.5010820783391317
0.5010820783391317
0.5615916280783887
0.5214146941094547
0.5615916280783887
0.5214146941094547
0.5708736721868548
0.5671758678533737
0.5708736721868548
0.5671758678533737
0.5942808571249324
0.5970302960723849
0.5942808571249324
0.5970302960723849
0.5340619461506949
0.5146413917479771
0.5340619461506949
0.5146413917479771
0.5489081675914422
0.5562271498458953
0.5489076646014129
0.5562274934635683
0.5238519358621903
0.5162821049740648
0.5238519358621903
0.5162821049740648
0.6115201957460482
0.6244520423677954
0.6115201957460482
0.6244520423677954
0.524370851971054
0.5615666604387023
0.5243713830472454
0.5615670942576156
0.5373494729654275
0.5084989766007991
0.5373499435167238
0.5084993656742942
0.6572744329618302
0.6296222335735563
0.6572744329618302
0.6296222335735563
0.638176517463088
0.6269827706334032
0.638176517463088
0.6269827706334032
0.6013943898509577
0.5810156808259832
0.6013943898509577
0.5810156808259832
0.5179640398288319
0.5155833139117026
0.5179640398288319
0.5155833139117026
0.707029430676363
0.6673100454616784
0.707029430676363
0.6673100454616784
0.5626645883966723
0.560879208339092
0.5626645883966723
0.560879208339092
0.519653326267277
0.5199450118938553
0.519653326267277
0.5199450118938553
0.533531673933782
0.5261171372456187
0.533531673933782
0.5261171372456187
0.5094781408623248
0.5094786922979208
0.5727581222009319
0.5727581222009319
0.5171573891386809
0.5286792807080269
0.517157335112375
0.5286794349116918
0.5412309681165575
0.5698763931071953
0.5412308431405765
0.5698769417276096
0.5408752904425594
0.5642217306867031
0.540875178741954
0.5642221233139384
0.5283073737021519
0.5505964461039999
0.5283078846193233
0.5505966363028244
0.5702213759356951
0.5887790266090663
0.5702213759356951
0.5887790266090663
0.5258556219643815
0.5136648718567899
0.5258556219643815
0.5136648718567899
0.544506097177281
0.5067542212276156
0.5430662478971995
0.544506097177281
0.5067542212276156
0.5430662478971995
0.5038163238599747
0.5038162771513769
0.5446483959658499
0.5983962526004071
0.5315470335587318
0.5745520393934178
0.5446483959658499
0.5983962526004071
0.5315470335587318
0.5745520393934178
0.6434832764957952
0.68180424130256
0.6434832491432194
0.6818045551461345
0.5878714244646782
0.5974410692039235
0.5878721857538595
0.5974410004923079
0.6222433166764708
0.6170013882409072
0.6222445915181605
0.6170017078912999
0.64195803423483
0.6053298695349825
0.6419579143997389
0.605330077287395
0.5755403103343699
0.5806781139742091
0.575540201473937
0.5806780514645605
0.5129548618418978
0.5129553071194962
0.5198352193278094
0.5198352513860933
0.6679879243008072
0.7420303992764123
0.6679883438660492
0.742030117309622
0.5189482068109587
0.5189482068109587
0.6454004019785796
0.6752807683608666
0.6454004019785796
0.6752807683608666
0.6825423575246551
0.637930768999876
0.6825423575246551
0.637930768999876
0.5662831567652842
0.581716913275335
0.5662831567652842
0.581716913275335
0.7465017736084845
0.6708496504593829
0.7465017736084845
0.6708496504593829
0.7324792700834264
0.7808135547492425
0.7324792700834264
0.7808135547492425
0.5702152533673849
0.6227211322153532
0.5702152533673849
0.6227211322153532
0.6078466160578503
0.6524565111165505
0.6078464741667721
0.6524569956702041
0.5480197528290989
0.5392861591168724
0.5480197911860105
0.5392861591168724
0.5204854306688508
0.5294742164658525
0.5204850200882585
0.5294746585455329
0.5157418615366451
0.5014025469060381
0.5157418615366451
0.5014025469060381
0.5122119708126477
0.5122119708126477
0.5112697029986917
0.5034342329244945
0.5112693474280813
0.5034345159676583
0.6108673023327259
0.6002576260375783
0.6108673023327259
0.6002576260375783
0.6930381029313621
0.7257104843601451
0.6930381029313621
0.7257104843601451
0.5398107518768055
0.5481766163393323
0.5398105632829774
0.5481772808720079
0.549968103381145
0.5490667436625792
0.5499679806877303
0.5490667689824575
0.6342225653737299
0.62685135414426
0.6342232581792507
0.626851711726976
0.6500038818738492
0.6964388292936566
0.6500044012676608
0.6964390983127724
0.555469839856138
0.5654112240300285
0.555469839856138
0.5654112240300285
0.6296761012540286
0.687799045944076
0.6296761012540286
0.687799045944076
0.6455620600614894
0.7286286953945359
0.6455620600614894
0.7286286953945359
0.6184966796773476
0.6562329420256827
0.6184966796773476
0.6562329420256827
0.7017706146296376
0.7413093352434101
0.7017706146296376
0.7413093352434101
0.698699646245799
0.8054232438241461
0.698699646245799
0.8054232438241461
0.7534962429775965
0.7316547195097612
0.7534964695873504
0.7316548141437239
0.5590583639654695
0.5331305524187988
0.5590583639654695
0.5331305524187988
0.548946273977667
0.5566618202374487
0.548946273977667
0.5566618202374487
0.5527998239246501
0.5680102768961438
0.5527998239246501
0.5680102768961438
0.5877450875586113
0.5787226522875013
0.587745116033866
0.5787226250876968
0.6702464925465373
0.6974133499713784
0.6702464721314458
0.6974133454030492
0.5935818026026423
0.6420744244820348
0.5935817810290832
0.6420743683381865
0.6388158904987135
0.7179607495300098
0.6388160303790166
0.7179607843066241
0.6770122576235771
0.7005639483306958
0.6770122131354336
0.7005639217543033
0.505569164196128
0.5077795129816374
0.505569164196128
0.5077795129816374
0.5228623993028456
0.540332690813852
0.5228635903226488
0.540332690813852
0.6115946171105746
0.6242544132422524
0.6115946171105746
0.6242544132422524
0.5755060412093131
0.5651827379730229
0.5755060412093131
0.5651827379730229
0.6165913891397836
0.6804131621839562
0.6165914775494425
0.6804135602319633
0.5457861415402304
0.5349731726858381
0.5457861325818305
0.5349735538515501
0.5072774791951542
0.5456395160192855
0.5072779009838072
0.5456397784954634
0.5035653692044781
0.5035653692044781
0.5130087748099035
0.5060489900983326
0.5130087748099035
0.5060489900983326
0.5696667796740739
0.5600659818769026
0.5696667796740739
0.5600659818769026
0.5586477730429956
0.5499725778806129
0.5586477062799062
0.5499730383196942
0.5615719311879065
0.5565415392067845
0.5615723066561326
0.5565418186459149
0.5225323528629432
0.5157976705586158
0.5225323528629432
0.5157976705586158
0.615269351169884
0.5817760570453602
0.615269351169884
0.5817760570453602
0.5074247720867372
0.5137326262743179
0.5074247720867372
0.5137326262743179
0.5666807583365329
0.5440792722742365
0.5666802893414491
0.5440794364192808
0.6090353690301199
0.5840713172072817
0.6090351067289471
0.5840716506178235
0.5062393438162528
0.5062393438162528
0.6498769409488765
0.6952969697732027
0.6498769667852269
0.6952969644977905
0.5303944815527138
0.5189206953559782
0.5303944815527138
0.5189206953559782
0.5491579026839881
0.5425768270868873
0.5491579026839881
0.5425768270868873
0.5399279689266557
0.5642462204386249
0.5399279689266557
0.5642462204386249
0.5215213716227762
0.5004657830293808
0.5215213304251486
0.500466320705691
0.5365380687183933
0.543473240163338
0.536538382608562
0.543473240163338
0.7152386425822493
0.7553635124609521
0.7152391954812831
0.7553641323692533
0.6765913281470944
0.6238195914239322
0.6765913281470944
0.6238195914239322
0.5709819230489402
0.5644806816768164
0.5709819230489402
0.5644806816768164
0.6285034366045738
0.6122861475166944
0.6285034366045738
0.6122861475166944
0.5011178277881082
0.5053686937437486
0.5011178277881082
0.5053686937437486
0.5687593468032964
0.5687594775098835
0.5687593468032964
0.5687594775098835
0.5305924048646123
0.5132224911992239
0.5115799552184017
0.5305928860142515
0.5132227192876222
0.5115803249573847
0.5625159241835839
0.5567653798477906
0.5625164341766677
0.5567657013468887
0.685662765009915
0.71224409044398
0.6856631293431216
0.7122443792609862
0.6994854876036062
0.7516799845569284
0.6994861681704746
0.7516801915996464
0.520721585851048
0.5117921731626855
0.520721585851048
0.5117921731626855
0.5827948735933827
0.5928541439922007
0.5827948735933827
0.5928541439922007
0.5588107840597102
0.5704689068891805
0.5588109452102464
0.5704693516669799
0.6432734227170067
0.6213905992330098
0.6432737515303988
0.6213908937078935
0.6114545201091703
0.6042343822873046
0.6114545201091703
0.6042343822873046
0.5046990688270392
0.5022867728069377
0.5046990688270392
0.5022867728069377
0.5133609388256194
0.5270648513312578
0.5133608711961435
0.5270649917382234
0.5031612999815933
0.503161375131047
0.5198209577662843
0.5198209577662843
0.6069402584015958
0.6167351009820652
0.6069402584015958
0.6167351009820652
0.5171444435487476
0.5171444435487476
0.5198330430503528
0.5227043564027345
0.5198330430503528
0.5227043564027345
0.5662081844660934
0.5513649345538342
0.5662081844660934
0.5513649345538342
0.5884807461214955
0.5719648501470757
0.5884806549252924
0.5719653269377798
0.5740362935086154
0.5612663685880116
0.5740371949487598
0.5612661410967194
0.6994669806836594
0.6799468266727495
0.6994679653295127
0.6799472641675807
0.5195446249979744
0.5195446249979744
0.547452529272846
0.5530691777840357
0.547452529272846
0.5530691777840357
0.5048160174820459
0.5048160174820459
0.5377274836237476
0.5369073734450028
0.5377274836237476
0.5369073734450028
0.5024657889250677
0.5024657889250677
0.527867020215364
0.5269013572196024
0.527867020215364
0.5269013572196024
0.7467184170778274
0.6844548804466137
0.7467179283649171
0.6844565731318573
0.6025229778379577
0.5672214340574079
0.6025224744734035
0.5672216425086287
0.5711813251195155
0.5262730738652549
0.588497624532399
0.5236892689076986
0.5711813251195155
0.5262730738652549
0.588497624532399
0.5236892689076986
0.5067343349130236
0.5005935018629428
0.5067343349130236
0.5005935018629428
0.568188478189387
0.5739068514488888
0.568188478189387
0.5739068514488888
0.5962467634305431
0.5573669329451999
0.5962462481042199
0.5573671239031254
0.5203507022468146
0.525059759948069
0.5203507022468146
0.525059759948069
0.5507503888624461
0.5753681245056967
0.5507503888624461
0.5753681245056967
0.6094090055457576
0.5543649529519384
0.6440386093819289
0.5282841640342152
0.6094090055457576
0.5543649529519384
0.6440386093819289
0.5282841640342152
0.6068314023233802
0.6037097547723683
0.6068310652492502
0.6037103017113281
0.5918691309718279
0.6484802623144243
0.5918699023484382
0.6484806667824601
0.7095974269750192
0.6478586981708456
0.7095977921488077
0.6478584156626952
0.7014367711643406
0.687765546197371
0.70143691354613
0.687765320171793
0.5285579367904817
0.5340756530571784
0.5285579367904817
0.5340756530571784
0.5309368190712208
0.5375731928734608
0.5309368114232406
0.5375737303729583
0.5056236991928169
0.5098382891711822
0.5056236991928169
0.5098382891711822
0.6454701375426446
0.6220478703873199
0.6454701375426446
0.6220478703873199
0.7603247806443323
0.6748122662505704
0.7603247806443323
0.6748122662505704
0.6936720343813146
0.7392148571062046
0.6936720343813146
0.7392148571062046
0.5187181699312077
0.5704082971280053
0.5187181699312077
0.5704082971280053
0.5354515432909976
0.5230270855131797
0.535451694919959
0.5230277380161324
0.5692232586542687
0.5427178476872138
0.5692232146078335
0.5427178061795527
0.6024481957333025
0.6428912089643657
0.6024482174567936
0.6428912263627131
0.8089976134272815
0.679571462828532
0.8089967515654413
0.6795721535132127
0.5943303533582528
0.5950860825632441
0.5943302906582393
0.5950860825632441
0.5244258396549513
0.5248841494243417
0.5244258658727411
0.5248839757654177
0.5104901475375982
0.5072006265895862
0.5104901475375982
0.5072006265895862
0.6718684810560154
0.6596839788436647
0.6718684810560154
0.6596839788436647
0.5739900014027721
0.580480490280396
0.5739900014027721
0.580480490280396
0.5314502313174507
0.6263627051711109
0.5314502313174507
0.6263627051711109
0.5585257823801774
0.5659692377757995
0.5585255706550175
0.5659698971729981
0.5004643708903614
0.5004645632485237
0.5005978389907542
0.5005981260070055
0.6771471737451441
0.6506885171073785
0.6771471737451441
0.6506885171073785
0.5797171831277833
0.5899527551443099
0.5797173556012751
0.5899528658745657
0.6588260844470968
0.699899302474305
0.6588256639071802
0.6998992466982542
0.6901178903485137
0.7464684169684427
0.690118074953728
0.7464684772195663
0.5374818771902901
0.5200691622570419
0.5374818072353347
0.5200690346904218
0.5350295822892612
0.530722784682258
0.5350295822892612
0.530722784682258
0.6608218716194908
0.6152521123487887
0.6608218716194908
0.6152521123487887
0.5302076370284771
0.5361078814140058
0.5302077548152573
0.536107801235731
0.5590877866036301
0.5664116106525412
0.5590877866036301
0.5664116106525412
0.6136257361718576
0.6579692276882595
0.6136255982152344
0.6579695662531421
0.510529641441343
0.5020139427973594
0.510529641441343
0.5020139427973594
0.508068074853478
0.508068074853478
0.5361500575139054
0.5329425908542251
0.5361505757660138
0.5329426829352255
0.5206932184549286
0.5393610221945708
0.5206932184549286
0.5393610221945708
0.5284391630512641
0.5242089645290616
0.5284391630512641
0.5242089645290616
0.5128883454858499
0.5377360548541718
0.5128883454858499
0.5377360548541718
0.5985262106770847
0.588990193772617
0.5985262106770847
0.588990193772617
0.6017444382672421
0.5943604606797505
0.6017444382672421
0.5943604606797505
0.5383760495920944
0.5106410410079921
0.5383769536503936
0.5106413582338517
0.6460643993740224
0.6659310996018121
0.6460643993740224
0.6659310996018121
0.6714437158137765
0.6823932606822064
0.6714437158137765
0.6823932606822064
0.5508821920007294
0.5488998179757413
0.5508821920007294
0.5488998179757413
0.5514900719828489
0.5356290387557284
0.5514900719828489
0.5356290387557284
0.642314153502338
0.611858053230336
0.642314153502338
0.611858053230336
0.6228806718525982
0.5958011603335912
0.6228810177717844
0.5958013030545829
0.6728331275996335
0.6339292843987426
0.6728331275996335
0.6339292843987426
0.6947015106739735
0.752772106562056
0.6947015106739735
0.752772106562056
0.6020872608631508
0.6008311249792728
0.6020872608631508
0.6008311249792728
0.5162919719289715
0.5080152832152021
0.5162919719289715
0.5080152832152021
0.5203286405247805
0.5231936222982948
0.5203286405247805
0.5231936222982948
0.5053352453978612
0.5053352453978612
0.6222157728711908
0.6431420619767471
0.6222157728711908
0.6431420619767471
0.5418060635227642
0.5279040481341793
0.5418060635227642
0.5279040481341793
0.6598400465116471
0.6431661206898941
0.6598400465116471
0.6431661206898941
0.5040684355882299
0.5176548809311842
0.5040688807435646
0.5176550720088318
0.635925098939059
0.5969830186110364
0.635925098939059
0.5969830186110364
0.545244156218495
0.5216294087273974
0.545244156218495
0.5216294087273974
0.5333878471607334
0.5236165149921129
0.5333878471607334
0.5236165149921129
0.5064816772316901
0.5064819139936154
0.5598886303473971
0.598405302771977
0.55988893050097
0.5984058865308289
0.565331462916046
0.5942024281469419
0.5653313023309287
0.5942032055479561
0.5020669954762971
0.5020671101590761
0.5048991156685849
0.5048991156685849
0.5592866942130076
0.5717932055165666
0.5592866942130076
0.5717932055165666
0.5003567544605492
0.5003567544605492
0.633848309449549
0.655163678663756
0.633848309449549
0.655163678663756
0.5522919858944491
0.5467420666108123
0.5522919858944491
0.5467420666108123
0.5064240892184483
0.5033240394659525
0.5064240892184483
0.5033240394659525
0.6126258361150064
0.6216138110979291
0.6126258361150064
0.6216138110979291
0.5598194797806767
0.562724446507358
0.5598194797806767
0.562724446507358
0.5813599129362989
0.588642608530158
0.5813599129362989
0.588642608530158
0.6978630551890059
0.7121475100382276
0.6978630551890059
0.7121475100382276
0.5879347200450055
0.5574536077483078
0.5879347200450055
0.5574536077483078
0.5996781838004063
0.6095784320154419
0.5996781838004063
0.6095784320154419
0.5390362287250086
0.5390362287250086
0.5457002683938607
0.5334094643653411
0.5457002683938607
0.5334094643653411
0.5057143455223221
0.5057143455223221
0.58605018823256
0.5654094553789918
0.5860501482552694
0.5654098647362893
0.5273115668119465
0.5683918773001749
0.5273115668119465
0.5683918773001749
0.5075246858896976
0.537630928769856
0.5075243006866852
0.5376312747923231
0.574632461389449
0.573559009483503
0.574632461389449
0.573559009483503
0.5978857675913253
0.637991295564983
0.5978854280731402
0.6379919728497906
0.6783791628505789
0.7686769081449915
0.6783786762537102
0.7686779075265239
0.5103597178837336
0.5098046092049455
0.5103597178837336
0.5098046092049455
0.5993068308344207
0.5845342353523876
0.5993062640604081
0.5845343291929163
0.6326718649687803
0.5779371360216814
0.6326718649687803
0.5779371360216814
0.6130750893987494
0.5973972710755735
0.6130753004323961
0.5973971271672782
0.5124426795872353
0.5207289288203606
0.5124424267528261
0.5207293993746848
0.6056035164626453
0.6193673092737525
0.6056035164626453
0.6193673092737525
0.7065837405715724
0.7469206927974634
0.7065837405715724
0.7469206927974634
0.53451590882412
0.502940087997632
0.5345164150700322
0.5029405794597336
0.5382848475466759
0.5382848475466759
0.5567850199426597
0.5589584142595326
0.5567850199426597
0.5589584142595326
0.5042738451485735
0.5042738451485735
0.6622496086804414
0.7025756413134837
0.6622496086804414
0.7025756413134837
0.5236334732917238
0.5559050814003585
0.5236334732917238
0.5559050814003585
0.5365852583368326
0.5365851982242337
0.5030834230611199
0.5030836451072169
0.5022606171212869
0.5022609061087684
0.5051584530802418
0.5051584530802418
0.5128586928125425
0.512858679193619
0.5342577125189936
0.502062570930844
0.5342577125189936
0.502062570930844
0.5822618927665743
0.5789649963719953
0.5822616396503004
0.5789649517681902
0.6266902498308768
0.6156559992026011
0.6266902498308768
0.6156559992026011
0.5845002421790566
0.6167054554814666
0.5845002421790566
0.6167054554814666
0.5172652046237051
0.523616081066101
0.5172651174652559
0.5236165370248747
0.5540474158685641
0.5065000125099491
0.567793212442797
0.5540474158685641
0.5065000125099491
0.567793212442797
0.598882394369715
0.5930476358598749
0.598882394369715
0.5930476358598749
0.5573651882320173
0.5426980209606397
0.5573650170787927
0.5426985432630534
0.5489090762618283
0.5529389711583874
0.5489090762618283
0.5529389711583874
0.5112338407648118
0.5608965861399787
0.5112339783353222
0.560896582510543
0.5055613004419934
0.5039554663749928
0.5055617671470547
0.5039556353134826
0.6456365755970499
0.7085791893509237
0.6456365755970499
0.7085791893509237
0.5571204819062806
0.5588988880287806
0.5571204819062806
0.5588988880287806
0.6171572963919452
0.6110353497199262
0.6171572963919452
0.6110353497199262
0.7569108044407512
0.6837094964326184
0.7569103785092123
0.683709906946485
0.521612086157645
0.5299421993864208
0.5216116851219994
0.5299434260702598
0.5697497883022005
0.5811079580284465
0.5697497883022005
0.5811079580284465
0.6574797203026703
0.6462760458289177
0.6574797203026703
0.6462760458289177
0.5468065598778004
0.5596181372167981
0.5468064773150022
0.5596189333044203
0.5220014184439119
0.5211596251825862
0.5220018030258698
0.5211596221339561
0.7403129293262483
0.6841403106530659
0.7403132651782192
0.6841403063271851
0.5132562149011547
0.5147154705227354
0.5132562149011547
0.5147154705227354
0.6247736137309506
0.6096685159452735
0.6247737017994929
0.6096682293556273
0.5358372683843818
0.5169484140004682
0.5358372606737849
0.5169483774424815
0.6795345771868846
0.6753236697675242
0.6795346075575097
0.6753236470884239
0.5934365047191511
0.5863302755049588
0.5934364554612509
0.5863302270078402
0.6236772196956479
0.6039293876871953
0.6236772196956479
0.6039293876871953
0.5411259054694828
0.559001039165914
0.5411259054694828
0.559001039165914
0.5224569075356122
0.5076225637022473
0.5224569075356122
0.5076225637022473
0.6584974702289675
0.6316875463879257
0.6584974702289675
0.6316875463879257
0.5201885956382505
0.5480184181825162
0.5201883626279171
0.548018873740114
0.5215486293711599
0.5111285792966498
0.5215486293711599
0.5111285792966498
0.6242755205718133
0.570803233158796
0.6242755205718133
0.570803233158796
0.5561202191802637
0.5499837032040118
0.5561202191802637
0.5499837032040118
0.5005435148465164
0.5005435148465164
0.5111697633013502
0.5244214480253261
0.5111697633013502
0.5244214480253261
0.5147894751168808
0.5147894751168808
0.5664230148298524
0.6031377936108503
0.5664230148298524
0.6031377936108503
0.5251095749556866
0.5688971266347104
0.5251095749556866
0.5688971266347104
0.5520732628085459
0.5604812205257959
0.5520732628085459
0.5604812205257959
0.5454582366202011
0.575936330035417
0.5454582825772127
0.5759363012839879
0.5020009736928465
0.5020009736928465
0.500196999652417
0.500196999652417
0.5445232810218206
0.6411044395182934
0.5726655177217608
0.6077719194653621
0.5256634072270944
0.5445232810218206
0.6411044395182934
0.5726655177217608
0.6077719194653621
0.5256634072270944
0.5302022281197009
0.5269341924798812
0.5302022281197009
0.5269341924798812
0.5764901286901206
0.5540706432126397
0.5764901286901206
0.5540706432126397
0.5518838497511117
0.5380483005371312
0.5518838497511117
0.5380483005371312
0.5576518571920442
0.5551154710453577
0.5576518571920442
0.5551154710453577
0.6890884873665569
0.7133014728402594
0.6890884873665569
0.7133014728402594
0.5225975751487135
0.542239118924293
0.5225975751487135
0.542239118924293
0.5065566264836746
0.5286255738932981
0.5065572667181841
0.528625271358838
0.5848023153649661
0.6043075209274681
0.5848024082973617
0.6043078593227421
0.6522390802524742
0.6483651092741759
0.6522390802524742
0.6483651092741759
0.5054620887326117
0.5054629246697222
0.5147853635140899
0.514785153403677
0.5671950146517118
0.5515385768990737
0.5671950146517118
0.5515385768990737
0.5240913077518062
0.5064003364084341
0.5240913077518062
0.5064003364084341
0.540609484285405
0.5459215831304696
0.540609484285405
0.5459215831304696
0.5656512764726327
0.5410191061196274
0.5656512764726327
0.5410191061196274
0.5260435606164212
0.5302788691362119
0.5260435606164212
0.5302788691362119
0.597238067461313
0.5663414145735598
0.597238067461313
0.5663414145735598
0.5275834187423869
0.5218818856352635
0.5275834187423869
0.5218818856352635
0.5589857029948665
0.5271777589850242
0.5589857029948665
0.5271777589850242
0.5444626786824104
0.5208048552663532
0.5444626786824104
0.5208048552663532
0.506536998209134
0.5559090294949386
0.5292387776996119
0.5262199448490033
0.5608141393797703
0.5277121982522985
0.506536998209134
0.5559090294949386
0.5292387776996119
0.5262199448490033
0.5608141393797703
0.5277121982522985
0.5152570860717343
0.5152575576922858
0.6015825711096797
0.641343323957223
0.6015825711096797
0.641343323957223
0.6277907431001228
0.6277929165491607
0.6277907431001228
0.6277929165491607
0.570315291482479
0.5826754368652111
0.570315291482479
0.5826754368652111
0.6427506209059977
0.6559713477457736
0.6427506209059977
0.6559713477457736
0.6805965791935454
0.7241026967480692
0.6805965791935454
0.7241026967480692
0.5176251395046191
0.5026113050193537
0.5176251395046191
0.5026113050193537
0.5289014856147077
0.5324209895887648
0.5289014856147077
0.5324209895887648
0.6289931605278056
0.6145436793402865
0.6289931605278056
0.6145436793402865
0.6375239711193825
0.633743281988188
0.6375239711193825
0.633743281988188
0.6064786516918372
0.6043238265011699
0.6064786516918372
0.6043238265011699
0.6819749807103255
0.6334831228065732
0.6819745695168011
0.6334836176528555
0.7199920799133042
0.6707506314355214
0.7199912964422772
0.6707511045762045
0.611482675250248
0.5783297512442976
0.6114830548286323
0.5783296730240564
0.5064673986701593
0.5257960990925602
0.530741206184673
0.5178948473902204
0.506467921944667
0.5257965579203074
0.5307413143535548
0.5178950643559076
0.5411590653233519
0.5104956243875828
0.5411590653233519
0.5104956243875828
0.5099788924235729
0.5099788924235729
0.6457738623612406
0.6364727915165334
0.6457738623612406
0.6364727915165334
0.5463466926590461
0.5286364687342894
0.5463466926590461
0.5286364687342894
0.6572687300593796
0.6436839450457982
0.6572687300593796
0.6436839450457982
0.51234534274251
0.5123453198318134
0.7654842896326414
0.656317026550981
0.7654842896326414
0.656317026550981
0.5262931106687206
0.513657791486985
0.5262931106687206
0.513657791486985
0.5017879033165319
0.5017879033165319
0.5906205502585369
0.5574671350496637
0.5906205502585369
0.5574671350496637
0.5695738152552425
0.5676627700925797
0.569573661280684
0.5676631967641552
0.5025050132588892
0.5025047563023304
0.7021292380837156
0.7021292917952592
0.7021294476330495
0.7021296025920184
0.612945132361631
0.6076460743042963
0.612945132361631
0.6076460743042963
0.5977760146192234
0.5715891601439134
0.5977760146192234
0.5715891601439134
0.5732983041703389
0.572483856890714
0.5732983041703389
0.572483856890714
0.5435736816654394
0.5406041741626881
0.5435736816654394
0.5406041741626881
0.5965656262194579
0.6075045533565995
0.5965656262194579
0.6075045533565995
0.5158838138957695
0.5216011198071333
0.5158838138957695
0.5216011198071333
0.5537185325879317
0.5367897525825233
0.5537179024016052
0.5367903720217334
0.5874936856245175
0.5842033905382213
0.5874942518536068
0.5842037618553416
0.59856853926205
0.6648805125358128
0.59856853926205
0.6648805125358128
0.5512470825542211
0.5512471331009837
0.5512470825542211
0.5512471331009837
0.5386813964199594
0.5459613451233851
0.5386813964199594
0.5459613451233851
0.517789082014396
0.5177895240072129
0.5141330844948541
0.5141330844948541
0.5073426829386138
0.5073426829386138
0.5829731214830535
0.569317302616979
0.5829731214830535
0.569317302616979
0.5203674111121426
0.5321948372402946
0.5203674111121426
0.5321948372402946
0.5893611048731897
0.5076307338268972
0.6562956691853211
0.503646509015769
0.5893611048731897
0.5076307338268972
0.6562956691853211
0.503646509015769
0.6506875605677823
0.7312359190992532
0.6506875605677823
0.7312359190992532
0.5284439460789988
0.5120541179329876
0.5284439460789988
0.5120541179329876
0.5167767640217161
0.5167767106618243
0.7301773821387428
0.520240566336239
0.5412701960936569
0.6195488163987275
0.5297678832586165
0.5215934921847485
0.7301784538554706
0.5202409286419523
0.5412702844606789
0.6195487197927929
0.5297681691235592
0.5215936287106191
0.5260545493459254
0.5251717878718675
0.5260545493459254
0.5251717878718675
0.5081437018976036
0.508740754721914
0.5081437018976036
0.508740754721914
0.5789001798105201
0.5636895937626819
0.5789001798105201
0.5636895937626819
0.5743390620413488
0.5569724333601571
0.5743390620413488
0.5569724333601571
0.6658781825769283
0.6143830324399073
0.6658781825769283
0.6143830324399073
0.5267759579442642
0.5236392189772271
0.526776392094747
0.5236395649647849
0.5597695004195639
0.522727126176967
0.5597700405561811
0.522727360059508
0.6340857089769
0.6504893179791046
0.6340859495994575
0.6504893179791046
0.5039207357423328
0.5039207357423328
0.5539535052919516
0.5610293508817649
0.5539535052919516
0.5610293508817649
0.5816432467718944
0.5834814918417534
0.5816432467718944
0.5834814918417534
0.5643089020572843
0.5303561092402743
0.5643089020572843
0.5303561092402743
0.6306912015410092
0.6204984466577769
0.6306912015410092
0.6204984466577769
0.6074840600124903
0.5775228336926087
0.6074836949094486
0.5775231966683899
0.6076879277597905
0.5910979763577155
0.6076879277597905
0.5910979763577155
0.5641042191091786
0.5387256155233289
0.5641040406800779
0.5387261348386705
0.5789371583543346
0.5772478714480227
0.5789371583543346
0.5772478714480227
0.6073611198223887
0.64329568492421
0.6073611050441479
0.6432963783019371
0.6849728555709768
0.7703876879038032
0.684972907462532
0.7703881785879395
0.6629703351045411
0.620240667004676
0.6629703250394339
0.6202406133606109
0.5189861438689525
0.5374152147079247
0.5189862098228822
0.5374152341763365
0.5305749951174892
0.5353844834282576
0.5305750429418122
0.535384407838995
0.5056843575870008
0.5056843575870008
0.6990572191070448
0.6444843068302302
0.6990572780710864
0.6444842319940214
0.6182268217893913
0.6173308902558766
0.6182268217893913
0.6173308902558766
0.5605796117681447
0.5493506669404321
0.5605796459031701
0.5493510847009232
0.5257507864588383
0.5428796409448072
0.5257503233143437
0.5428802360660383
0.5661267143925647
0.5985202994314477
0.5661269763682848
0.5985203520989556
0.7262587464728871
0.6301163788862526
0.7262592691802203
0.6301164247569053
0.5189387842241798
0.5191466912483824
0.518938808158791
0.5191470587879398
0.5529359845037491
0.5647003914760201
0.552936345721794
0.5647007965963675
0.5419562100341646
0.509806757031084
0.5419566897566359
0.509807063703339
0.5874322607488183
0.6245155544047633
0.5874322607488183
0.6245155544047633
0.527406423607094
0.5002066024356104
0.527406423607094
0.5002066024356104
0.671966712623022
0.7485900929617383
0.671966712623022
0.7485900929617383
0.6171206012746198
0.6471263008320932
0.617120329444927
0.6471269900157512
