0.0543119907379
0.0398139953613
0.0363519191742
0.0222520828247
0.0380370616913
0.0415201187134
0.038409948349
0.0424318313599
0.0384049415588
0.0386109352112
0.0316100120544
0.0478358268738
0.0343868732452
0.0297949314117
0.0436720848083
0.038074016571
0.0291290283203
0.0452389717102
0.0493471622467
0.0455338954926
0.0330979824066
0.0382680892944
0.0545120239258
0.0347290039062
0.0656530857086
0.0461430549622
0.0372879505157
0.0494620800018
0.0423610210419
0.0332021713257
0.0349609851837
0.0363740921021
0.0335640907288
0.0361988544464
0.060476064682
0.0458929538727
0.0348699092865
0.0534589290619
0.0435879230499
0.0395250320435
0.0328299999237
0.0373249053955
0.0287690162659
0.0346298217773
0.035001039505
0.0353269577026
0.0506489276886
0.032543182373
0.0470991134644
0.030170917511
0.030690908432
0.0690441131592
0.04376912117
0.036257982254
0.0414290428162
0.0382540225983
