0.000108003616333
6.89029693604e-05
7.10487365723e-05
7.31945037842e-05
7.08103179932e-05
6.98566436768e-05
6.98566436768e-05
6.89029693604e-05
6.89029693604e-05
7.00950622559e-05
7.10487365723e-05
7.00950622559e-05
7.08103179932e-05
6.91413879395e-05
6.98566436768e-05
7.10487365723e-05
7.00950622559e-05
7.00950622559e-05
7.00950622559e-05
7.89165496826e-05
6.98566436768e-05
6.89029693604e-05
8.10623168945e-05
6.89029693604e-05
6.89029693604e-05
6.89029693604e-05
7.00950622559e-05
7.10487365723e-05
6.91413879395e-05
6.89029693604e-05
6.89029693604e-05
6.98566436768e-05
7.10487365723e-05
6.98566436768e-05
6.98566436768e-05
7.10487365723e-05
7.08103179932e-05
7.00950622559e-05
7.10487365723e-05
7.10487365723e-05
7.10487365723e-05
6.98566436768e-05
7.20024108887e-05
7.00950622559e-05
7.60555267334e-05
6.89029693604e-05
6.89029693604e-05
7.89165496826e-05
7.10487365723e-05
6.98566436768e-05
7.10487365723e-05
7.00950622559e-05
7.10487365723e-05
6.89029693604e-05
6.91413879395e-05
7.00950622559e-05
6.79492950439e-05
6.89029693604e-05
7.00950622559e-05
7.58171081543e-05
7.08103179932e-05
7.00950622559e-05
7.00950622559e-05
7.00950622559e-05
6.98566436768e-05
7.00950622559e-05
7.00950622559e-05
7.10487365723e-05
7.10487365723e-05
7.00950622559e-05
7.58171081543e-05
7.20024108887e-05
7.00950622559e-05
7.10487365723e-05
7.00950622559e-05
6.98566436768e-05
7.20024108887e-05
7.10487365723e-05
7.10487365723e-05
6.98566436768e-05
7.00950622559e-05
7.00950622559e-05
7.00950622559e-05
7.00950622559e-05
7.82012939453e-05
7.10487365723e-05
7.00950622559e-05
6.98566436768e-05
7.10487365723e-05
