47.5751495361
42.4248504639
162.797393799
132.797393799
102.797401428
72.7974014282
42.7974014282
12.7974014282
8.36748504639
98.3674850464
13.2642974854
43.2642974854
73.2642974854
103.264297485
133.264297485
163.264297485
67.3039474487
37.3039474487
7.30394887924
22.6960506439
52.6960525513
82.6960525513
58.495639801
28.495639801
1.50436019897
31.504360199
61.504360199
91.5043640137
23.418056488
6.58194351196
36.581943512
66.5819396973
96.5819396973
126.581939697
160.236358643
130.236358643
100.236358643
70.2363586426
40.2363586426
10.2363586426
158.211029053
128.211029053
68.2110214233
38.2110214233
89.1530456543
59.153049469
29.153049469
0.84695148468
30.846950531
60.846950531
86.9761352539
56.9761352539
26.9761333466
3.02386665344
33.0238647461
63.0238647461
95.323135376
65.323135376
35.323135376
5.32313537598
24.676864624
54.676864624
10.2363586426
12.5104446411
40.2363586426
42.5104446411
70.2363586426
72.5104446411
100.236358643
102.510444641
130.236358643
132.510437012
160.236358643
162.510437012
9.80557250977
39.8055725098
69.8055725098
99.8055725098
129.80557251
159.80557251
106.328689575
76.3286895752
46.3286895752
16.3286895752
13.6713104248
43.6713104248
91.6992492676
1.69924545288
67.8222579956
37.8222579956
7.82225847244
22.1777420044
52.1777420044
82.1777420044
82.1066970825
52.1066970825
22.1066970825
7.89330196381
37.8933029175
67.8933029175
38.5307655334
8.53076553345
21.4692344666
51.4692344666
81.4692382812
111.469238281
42.3807601929
12.3807601929
17.6192398071
47.6192398071
77.6192398071
107.619239807
43.1725540161
13.1725559235
16.8274440765
46.8274459839
76.8274459839
106.827445984
124.573921204
94.5739212036
64.5739212036
34.5739212036
4.57392120361
25.4260787964
54.2277450562
24.2277469635
5.7722530365
35.7722549438
65.7722549438
95.7722549438
163.674407959
73.6744155884
120.0
90.0
60.0
30.0
0.0
30.0
112.694244385
22.6942405701
50.1944274902
20.1944274902
39.8055725098
69.8055725098
80.5275421143
50.5275382996
20.5275402069
9.47245979309
39.4724617004
69.4724578857
73.2642974854
43.2642936707
13.264295578
16.735704422
46.7357063293
76.7357025146
75.0
45.0
15.0
15.0
45.0
75.0
87.5277557373
2.47224521637
80.0062789917
50.0062828064
20.0062828064
9.99371814728
39.9937171936
69.9937210083
146.565063477
155.537689209
116.565055847
86.5650558472
56.5650558472
65.5376815796
26.5650558472
3.43494415283
152.005371094
122.005378723
92.0053787231
62.0053787231
32.0053787231
2.00537872314
63.6900672913
33.6900672913
3.69006729126
26.3099327087
56.3099327087
86.3099365234
130.175506592
100.175506592
70.1755065918
40.1755065918
10.1755065918
19.8244934082
157.234832764
127.234832764
97.2348327637
67.2348327637
37.2348327637
7.23483276367
18.6900672913
11.3099327087
41.3099327087
71.3099365234
101.309936523
131.309936523
96.8014068604
66.8014068604
36.8014068604
6.8014087677
23.1985912323
53.1985931396
53.8387413025
47.7004318237
23.8387413025
17.7004318237
6.16125869751
12.2995681763
36.1612586975
42.2995681763
66.1612548828
72.2995681763
96.1612548828
102.299568176
117.614059448
87.6140594482
57.6140556335
27.6140556335
2.38594436646
32.3859443665
120.0
90.0
60.0
30.0
0.0
30.0
155.134185791
125.13419342
95.1341934204
65.1341934204
35.1341934204
5.13419342041
150.068572998
120.068580627
90.0685806274
60.0685806274
30.0685806274
0.0685806274414
70.9143829346
40.9143829346
10.9143829346
10.2363586426
19.0856170654
49.0856170654
79.0856170654
79.7636413574
68.4180526733
38.418056488
8.41805553436
21.581943512
51.581943512
81.5819473267
159.289398193
129.289398193
99.2894058228
69.2894058228
39.2894058228
9.28940582275
155.134185791
125.13419342
95.1341934204
65.1341934204
35.1341934204
5.13419342041
153.310638428
123.310630798
93.3106307983
63.3106307983
33.3106307983
3.31063079834
16.6074981689
13.3925018311
43.3925018311
73.3925018311
103.392501831
133.392501831
10.4633483887
19.5366516113
49.5366516113
79.5366516113
109.536651611
139.536651611
10.4633483887
19.5366516113
49.5366516113
79.5366516113
109.536651611
139.536651611
4.44004058838
25.5599594116
55.5599594116
85.5599594116
115.559959412
145.559967041
128.306793213
98.3068008423
68.3068008423
38.3068008423
8.30680084229
21.6931991577
72.87890625
42.8789024353
12.878903389
17.1210956573
47.1210975647
77.12109375
72.3974380493
42.3974380493
12.3974380493
17.6025619507
47.6025619507
77.6025619507
78.4682312012
48.4682312012
18.4682292938
11.5317707062
41.5317687988
71.5317687988
80.5721969604
20.5721969604
9.42780303955
69.4278030396
0.963752746582
30.9637527466
60.9637527466
90.9637527466
120.963752747
150.963745117
52.8905525208
22.8905525208
7.10944747925
37.1094474792
67.1094512939
97.1094512939
51.3706245422
21.3706245422
8.62937545776
38.6293754578
68.6293792725
98.6293792725
47.7446708679
17.7446708679
12.2553291321
42.2553291321
72.2553253174
102.255325317
158.174346924
128.174346924
98.1743469238
68.1743469238
38.1743469238
8.17434692383
13.1754684448
43.1754684448
73.1754684448
103.175468445
133.175476074
163.175476074
153.507904053
123.507896423
93.5078964233
63.5078964233
33.5078964233
3.50789642334
66.6341171265
36.6341133118
6.63411426544
23.3658866882
53.3658866882
83.3658828735
48.8756752014
41.1243247986
111.745079041
81.7450790405
41.7090148926
51.7450790405
21.7450790405
8.25492095947
48.2909851074
38.2549209595
153.407821655
123.407821655
93.4078216553
63.4078216553
33.4078216553
3.40782165527
48.4349517822
18.4349517822
11.5650482178
41.5650482178
71.5650482178
101.565048218
55.6061401367
25.6061401367
4.39385986328
34.3938598633
64.3938598633
94.3938598633
54.8296585083
24.8296585083
5.1703414917
35.1703414917
65.1703414917
95.1703414917
11.964717865
18.035282135
48.035282135
78.0352783203
108.03527832
138.03527832
5.90217590332
35.9021759033
65.9021759033
95.9021759033
125.902175903
155.902175903
1.1324005127
31.1324005127
61.1324005127
91.1324005127
121.132400513
151.132400513
85.8855285645
55.8855285645
25.8855266571
4.1144733429
34.1144714355
64.1144714355
69.5596694946
39.5596694946
9.55966758728
20.4403324127
50.4403305054
80.4403305054
62.7352256775
32.7352256775
2.73522663116
27.2647743225
57.2647743225
87.2647705078
84.4623260498
54.4623222351
24.4623222351
5.53767776489
35.5376777649
65.5376739502
116.633544922
86.6335449219
56.6335411072
26.6335411072
3.36645889282
33.3664588928
30.0
0.0
30.0
60.0
90.0
120.0
128.649246216
98.6492462158
68.6492462158
38.6492500305
8.64925003052
21.3507499695
117.783439636
27.7834396362
155.711975098
125.711975098
95.7119750977
65.7119750977
35.7119750977
5.71197509766
1.26020050049
28.7397994995
58.7397994995
88.7397994995
118.7397995
148.739807129
152.90524292
122.90524292
92.9052429199
62.9052429199
32.9052429199
2.90524291992
153.111328125
123.111335754
93.1113357544
63.1113357544
33.1113357544
3.11133575439
142.166351318
112.166343689
82.166343689
52.166343689
22.166343689
7.83365631104
148.300750732
118.300750732
88.3007507324
58.3007507324
28.3007507324
1.69924926758
123.239700317
93.2397003174
63.2397003174
33.2397003174
3.23970031738
26.7602996826
0.0685806274414
30.0685806274
90.0685806274
120.068580627
9.46232223511
39.4623222351
99.4623260498
129.46232605
58.3007545471
59.0546035767
28.3007545471
1.69924545288
31.6992454529
30.945394516
61.6992454529
91.6992492676
59.0546035767
29.054605484
0.945394515991
30.945394516
60.9453964233
90.9453964233
66.8698959351
36.8698959351
6.86989688873
23.1301040649
53.1301040649
83.1301040649
14.0362434387
15.9637565613
75.963760376
105.963760376
19.536655426
10.463344574
70.4633483887
100.463348389
130.491485596
100.491477966
70.4914779663
40.4914779663
10.4914779663
19.5085220337
8.96249389648
21.0375061035
51.0375061035
81.0375061035
111.037506104
141.037506104
2.1957321167
32.1957321167
62.1957321167
92.1957321167
122.195732117
152.195739746
15.0
45.0
75.0
105.0
135.0
165.0
150.566131592
120.566139221
90.5661392212
60.5661392212
30.5661392212
0.566139221191
6.33149719238
23.6685028076
53.6685028076
83.6685028076
113.668502808
143.668502808
66.0721740723
23.9278240204
66.8014068604
23.1985912323
51.614780426
38.385219574
75.0
13.2100830078
15.0
103.210083008
56.5650520325
70.2363586426
26.5650520325
40.2363586426
3.43494796753
10.2363586426
33.4349479675
19.7636413574
63.4349479675
49.7636413574
93.4349517822
79.7636413574
83.1301040649
53.1301040649
23.1301040649
6.86989688873
36.8698959351
66.8698959351
43.6713104248
13.6713104248
16.3286895752
46.3286895752
76.3286895752
106.328689575
10.7718276978
19.2281723022
49.2281723022
79.2281723022
109.228172302
139.228179932
5.60073852539
154.365936279
124.36592865
65.6007385254
94.3659286499
95.6007385254
64.3659286499
34.3659286499
155.600738525
4.3659286499
158.117523193
128.117523193
98.117515564
68.117515564
38.117515564
8.11751556396
7.49867248535
37.4986724854
67.4986724854
97.4986724854
127.498672485
157.498672485
165.0
135.0
105.0
75.0
45.0
15.0
162.709381104
132.709381104
102.709388733
72.7093887329
42.7093887329
12.7093887329
118.830856323
88.8308563232
58.8308601379
28.8308601379
1.16913986206
31.1691398621
45.8025169373
15.8025169373
14.1974830627
44.1974830627
74.197479248
104.197479248
120.0
90.0
60.0
30.0
0.0
30.0
146.029602051
116.029594421
56.0295944214
26.0295944214
51.5014343262
21.5014343262
8.49856567383
38.4985656738
68.4985656738
98.4985656738
161.854003906
131.854003906
101.853996277
71.8539962769
41.8539962769
11.8539962769
151.759475708
121.759475708
91.759475708
61.759475708
31.759475708
1.75947570801
1.00508880615
91.0050888062
160.236358643
130.236358643
100.236358643
70.2363586426
40.2363586426
10.2363586426
158.418060303
128.418060303
98.4180526733
68.4180526733
38.4180526733
8.41805267334
28.5312004089
1.46879959106
31.4687995911
61.4687995911
91.4687957764
121.468795776
55.2011222839
25.2011222839
4.79887771606
34.7988777161
64.7988739014
94.7988739014
92.4471893311
62.4471893311
32.4471893311
2.44718742371
27.5528125763
57.5528106689
72.1375961304
12.137594223
17.862405777
77.8624038696
66.2538375854
36.2538375854
6.25383853912
23.7461624146
53.7461624146
83.7461624146
3.01279067993
86.9872131348
80.7105941772
50.7105941772
20.7105922699
9.2894077301
39.2894058228
69.2894058228
76.7357025146
46.7357063293
16.735704422
13.264295578
43.2642936707
73.2642974854
128.130096436
98.1301040649
68.1301040649
38.1301040649
8.13010406494
21.8698959351
90.4221572876
60.4221611023
30.4221611023
0.422160148621
29.5778388977
59.5778388977
15.0
75.0
126.632522583
96.632522583
36.6325187683
6.63251876831
67.5041427612
37.5041427612
7.50414228439
22.4958572388
52.4958572388
82.4958572388
69.143989563
159.143981934
34.5593795776
124.559379578
0.450843811035
29.549156189
59.549156189
89.549156189
119.549156189
149.549163818
36.270072937
66.270072937
126.270072937
156.270080566
101.0548172
11.0548171997
165.0
135.0
105.0
75.0
45.0
15.0
158.157226562
128.157226562
98.1572265625
68.1572265625
38.1572265625
8.1572265625
162.954589844
132.954589844
102.954589844
72.9545898438
42.9545898438
12.9545898438
9.09386444092
99.0938644409
159.80557251
129.80557251
99.8055725098
69.8055725098
39.8055725098
9.80557250977
80.6509475708
50.6509513855
20.6509513855
9.34904956818
39.3490486145
69.3490524292
87.2809524536
57.2809524536
27.2809524536
2.71904754639
32.7190475464
62.7190475464
96.8509140015
66.8509140015
36.8509140015
6.85091209412
23.1490879059
53.1490859985
77.3859405518
47.3859443665
17.3859443665
12.6140556335
42.6140556335
72.6140594482
95.8544540405
5.85445594788
53.4269676208
23.4269676208
36.5730323792
66.5730285645
0.963752746582
30.9637527466
60.9637527466
90.9637527466
120.963752747
150.963745117
95.5376815796
5.53768157959
144.14553833
114.14553833
84.1455383301
54.1455383301
24.1455383301
5.85446166992
100.175506592
70.1755065918
10.1755065918
19.8244934082
18.0238685608
11.9761314392
41.9761314392
71.9761352539
101.976135254
131.976135254
126.340194702
96.3401947021
66.3401947021
36.3401908875
6.34019088745
23.6598091125
53.1985931396
36.8014068604
108.690063477
78.6900634766
48.6900672913
18.6900672913
11.3099327087
41.3099327087
100.346176147
70.3461761475
40.3461761475
10.3461742401
19.6538257599
49.6538238525
75.0
45.0
15.0
15.0
45.0
75.0
70.4260787964
40.4260787964
10.4260787964
19.5739212036
49.5739212036
79.5739212036
121.332229614
91.3322296143
61.3322257996
31.3322257996
1.33222579956
28.6677742004
153.690063477
123.690071106
93.690071106
63.690071106
33.690071106
3.69007110596
165.0
135.0
105.0
75.0
45.0
15.0
7.61986541748
22.3801345825
52.3801345825
82.3801345825
112.380134583
142.380126953
144.676849365
114.676856995
84.6768569946
54.6768569946
24.6768569946
5.32314300537
148.739807129
118.7397995
88.7397994995
58.7397994995
28.7397994995
1.26020050049
94.9831085205
64.9831085205
34.9831085205
4.98310661316
25.0168933868
55.0168914795
104.744880676
74.7448806763
44.7448806763
14.7448825836
15.2551174164
45.2551193237
110.217590332
80.217590332
50.217590332
20.217590332
9.78240966797
39.782409668
8.29016113281
68.2901611328
98.2901611328
158.290161133
4.50852203369
94.5085220337
6.86989593506
36.8698959351
66.8698959351
96.8698959351
126.869895935
156.869903564
100.111526489
70.1115264893
40.1115264893
10.1115245819
19.8884754181
49.8884735107
105.491867065
75.4918670654
15.4918651581
14.5081348419
70.1009063721
40.1009063721
10.1009073257
19.8990936279
49.8990936279
79.8990936279
65.2724227905
35.2724227905
5.27242183685
24.7275772095
54.7275772095
84.7275772095
12.3974380493
102.397438049
8.22077941895
98.2207794189
10.2808151245
40.2808151245
70.2808151245
100.280815125
130.280822754
160.280822754
76.5481567383
46.5481567383
16.5481586456
13.451842308
43.4518432617
73.4518432617
76.6365737915
16.6365776062
13.3634233475
73.3634262085
61.4295654297
31.4295654297
1.42956638336
28.5704345703
58.5704345703
88.5704345703
76.974937439
46.9749336243
16.9749336243
13.0250663757
43.0250663757
73.025062561
132.885070801
102.885070801
72.8850708008
42.8850746155
12.8850746155
17.1149253845
147.349884033
117.349876404
87.3498764038
57.3498764038
27.3498764038
2.65012359619
15.0
45.0
75.0
105.0
135.0
165.0
1.60749816895
31.6074981689
61.6074981689
91.6074981689
121.607498169
151.607498169
160.426086426
130.426086426
100.426086426
70.4260864258
40.4260864258
10.4260864258
131.309936523
101.309936523
71.3099365234
41.3099327087
11.3099327087
18.6900672913
144.443954468
114.443954468
84.4439544678
54.4439544678
24.4439544678
5.55604553223
66.4692306519
156.469238281
151.504272461
121.504264832
91.5042648315
61.5042648315
31.5042648315
1.50426483154
78.0127868652
48.0127868652
18.0127868652
11.9872131348
41.9872131348
71.9872131348
69.6441726685
39.6441764832
9.64417457581
20.3558254242
50.3558235168
80.3558273315
7.69605255127
82.3039474487
120.0
90.0
60.0
30.0
0.0
30.0
154.508514404
124.508522034
94.5085220337
64.5085220337
34.5085220337
4.50852203369
6.25384521484
36.2538452148
66.2538452148
96.2538452148
126.253845215
156.253845215
155.217590332
156.119338989
15.0
125.217590332
126.119338989
45.0
95.217590332
96.1193389893
75.0
65.217590332
66.1193389893
105.0
35.217590332
36.1193389893
135.0
5.21759033203
6.11933898926
165.0
85.9540634155
4.04593753815
2.47119140625
32.4711914062
62.4711914062
92.4711914062
122.471191406
152.471191406
55.0168914795
25.0168933868
4.98310661316
34.9831085205
64.9831085205
94.9831085205
4.69515419006
85.3048477173
39.6375427246
9.63754272461
20.3624572754
50.3624572754
80.3624572754
110.362457275
106.504364014
76.5043640137
16.504360199
13.495639801
79.1144714355
10.8855285645
106.504264832
76.5042648315
46.5042648315
16.5042667389
13.4957332611
43.4957351685
95.3195343018
65.3195343018
35.3195343018
5.31953620911
24.6804637909
54.6804656982
146.407196045
116.407203674
86.4072036743
56.4072036743
26.4072036743
3.59279632568
25.3645362854
12.9946174622
4.6354637146
34.6354637146
64.6354675293
102.994613647
94.6354675293
124.635467529
30.0
0.0
30.0
60.0
90.0
120.0
94.440032959
64.440032959
34.440032959
4.44003486633
25.5599651337
55.559967041
20.217590332
9.78240966797
39.782409668
69.782409668
99.782409668
129.782409668
11.4236679077
41.4236679077
71.4236679077
101.423667908
131.423675537
161.423675537
6.86989593506
36.8698959351
66.8698959351
96.8698959351
126.869895935
156.869903564
12.3974380493
42.3974380493
72.3974380493
102.397438049
132.39743042
162.39743042
10.2011260986
19.7988739014
49.7988739014
79.7988739014
109.798873901
139.798873901
65.1944274902
24.8055686951
131.309936523
101.309936523
71.3099365234
41.3099327087
11.3099327087
18.6900672913
4.09349060059
85.9065093994
150.543243408
120.543251038
90.5432510376
60.5432510376
30.5432510376
0.543251037598
110.837646484
80.8376464844
50.8376502991
20.8376502991
9.16234970093
39.1623497009
4.79888153076
25.2011184692
55.2011184692
85.2011184692
115.201118469
145.20111084
124.398704529
94.3987045288
64.3987045288
34.3987045288
4.39870452881
25.6012954712
3.95905971527
86.0409393311
77.72631073
47.72631073
12.27368927
42.27368927
87.724357605
57.724357605
27.7243556976
2.27564430237
32.275642395
62.275642395
66.8698959351
36.8698959351
6.86989688873
23.1301040649
53.1301040649
83.1301040649
15.0
75.0
51.1355743408
21.1355743408
8.86442565918
38.8644256592
68.8644256592
98.8644256592
49.0909805298
19.0909786224
10.9090213776
40.9090194702
70.9090194702
100.90901947
45.8522224426
15.8522224426
14.1477775574
44.1477775574
74.1477813721
104.147781372
42.0755348206
12.0755348206
17.9244651794
47.9244651794
77.9244689941
107.924468994
40.3537788391
10.3537788391
19.6462211609
49.6462211609
79.6462249756
109.646224976
64.5587463379
34.5587463379
4.55874538422
25.4412536621
55.4412536621
85.4412536621
72.4720306396
42.4720306396
12.4720306396
17.5279693604
47.5279693604
77.5279693604
80.5021743774
50.5021743774
20.5021743774
9.49782562256
39.4978256226
69.4978256226
67.1310501099
37.1310501099
7.13105106354
22.8689498901
52.8689498901
82.8689498901
68.5230178833
38.5230178833
8.52301979065
21.4769802094
51.4769821167
81.4769821167
70.5120849609
40.5120849609
10.5120830536
19.4879169464
49.4879150391
79.4879150391
72.3622360229
42.3622322083
12.3622331619
17.6377658844
47.6377677917
77.6377639771
112.568588257
82.5685882568
52.5685920715
22.5685920715
7.43140792847
37.4314079285
3.69007110596
33.690071106
63.690071106
93.690071106
123.690071106
153.690063477
0.0
90.0
123.012786865
93.0127868652
33.0127906799
3.01279067993
77.8624038696
17.862405777
12.137594223
72.1375961304
83.7461624146
53.7461624146
23.7461624146
6.25383853912
36.2538375854
66.2538375854
61.8062744141
31.8062744141
1.80627536774
28.1937255859
58.1937255859
88.1937255859
49.133644104
19.1336421967
10.8663578033
40.866355896
70.866355896
100.866355896
3.43494796753
93.4349517822
19.5085220337
27.9545898438
10.4914779663
2.04541015625
40.4914779663
32.0454101562
70.4914779663
62.0454101562
100.491477966
92.0454101562
130.491485596
122.045410156
31.1691398621
1.16913986206
28.8308601379
58.8308601379
88.8308563232
118.830856323
49.2900466919
19.2900466919
10.7099533081
40.7099533081
70.7099533081
100.709953308
0.0183639526367
89.9816360474
63.1113433838
33.1113433838
26.8886585236
56.8886566162
8.0838470459
98.0838470459
163.421508789
133.421508789
103.421508789
73.4215087891
43.4215087891
13.4215087891
111.614776611
81.6147766113
21.6147766113
8.38522338867
151.504272461
121.504264832
91.5042648315
61.5042648315
31.5042648315
1.50426483154
165.0
135.0
105.0
75.0
45.0
15.0
78.0127868652
48.0127868652
18.0127868652
11.9872131348
41.9872131348
71.9872131348
93.3129653931
63.3129653931
33.3129653931
3.31296730042
26.6870326996
56.6870346069
56.8886566162
33.1113433838
160.364532471
130.364532471
100.3645401
70.3645401001
40.3645401001
10.3645401001
83.6156463623
53.6156463623
23.6156482697
6.38435173035
36.3843536377
66.3843536377
85.9821472168
55.9821510315
25.9821510315
4.01784992218
34.0178489685
64.0178527832
128.746154785
98.7461624146
68.7461624146
38.7461624146
8.74616241455
21.2538375854
149.875991821
119.875991821
89.8759918213
59.8759918213
29.8759918213
0.124008178711
68.4180526733
38.418056488
8.41805553436
21.581943512
51.581943512
81.5819473267
64.5085220337
34.5085220337
4.50852298737
25.4914779663
55.4914779663
85.4914779663
66.8698959351
36.8698959351
23.1301040649
53.1301040649
125.19442749
95.1944274902
65.1944274902
35.1944313049
5.19443130493
24.8055686951
121.123306274
91.1233062744
61.1233024597
31.1233024597
1.12330245972
28.8766975403
13.0908432007
43.0908432007
73.0908432007
103.090843201
133.09085083
163.09085083
0.963752746582
90.9637527466
94.9831085205
64.9831085205
34.9831085205
4.98310661316
25.0168933868
55.0168914795
90.2551193237
0.255118370056
77.12109375
47.1210975647
17.1210956573
12.878903389
42.8789024353
72.87890625
72.7093887329
42.7093887329
12.7093906403
17.2906093597
47.2906112671
77.2906112671
55.8855285645
25.8855266571
34.1144714355
64.1144714355
54.0902748108
35.9097251892
4.38034820557
34.3803482056
64.3803482056
94.3803482056
124.380348206
154.380340576
36.6869163513
6.68691635132
23.3130836487
53.3130836487
83.313079834
113.313079834
5.55604553223
24.4439544678
54.4439544678
84.4439544678
114.443954468
144.443954468
13.8754463196
16.1245536804
46.1245536804
76.1245574951
106.124557495
136.124557495
14.8091163635
15.1908836365
45.1908836365
75.1908874512
105.190887451
135.190887451
8.94499969482
21.0550003052
51.0550003052
81.0550003052
111.055000305
141.054992676
24.8016548157
5.19834518433
35.1983451843
65.198348999
95.198348999
125.198348999
15.9637527466
14.0362472534
44.0362472534
74.0362472534
104.036247253
134.036254883
87.8821182251
2.11787891388
16.2637367249
13.7362632751
43.7362632751
73.7362670898
103.73626709
133.73626709
11.5650482178
18.4349517822
78.4349517822
108.434951782
17.1957359314
12.8042640686
42.8042640686
72.8042602539
102.804260254
132.804260254
165.0
135.0
105.0
75.0
45.0
15.0
150.068572998
120.068580627
90.0685806274
60.0685806274
30.0685806274
0.0685806274414
139.665374756
109.665367126
79.6653671265
49.6653671265
19.6653671265
10.3346328735
92.8552322388
2.85523223877
158.249908447
128.249908447
68.2499084473
38.2499084473
137.847137451
107.847129822
77.8471298218
47.8471298218
17.8471298218
12.1528701782
39.6887893677
9.68878936768
20.3112106323
50.3112106323
80.3112106323
110.311210632
30.0
0.0
30.0
60.0
90.0
120.0
134.420776367
74.4207763672
44.4207725525
15.5792274475
131.976135254
101.976135254
71.9761352539
41.9761314392
11.9761314392
18.0238685608
70.4260787964
40.4260787964
10.4260787964
19.5739212036
49.5739212036
79.5739212036
82.7651672363
52.7651672363
22.7651672363
7.23483371735
37.2348327637
67.2348327637
84.4623260498
54.4623222351
24.4623222351
5.53767776489
35.5376777649
65.5376739502
123.576339722
93.5763397217
63.576335907
33.576335907
3.57633590698
26.423664093
123.179832458
93.1798324585
63.1798324585
33.1798324585
3.1798324585
26.8201675415
150.963745117
120.963752747
90.9637527466
60.9637527466
30.9637527466
0.963752746582
125.788970947
35.7889709473
57.2553291321
27.2553291321
32.7446708679
62.7446708679
160.364532471
130.364532471
100.3645401
70.3645401001
40.3645401001
10.3645401001
59.0546035767
29.054605484
0.945394515991
30.945394516
60.9453964233
90.9453964233
86.3099365234
56.3099327087
26.3099327087
3.69006729126
33.6900672913
63.6900672913
63.6900672913
33.6900672913
3.69006729126
26.3099327087
56.3099327087
86.3099365234
69.5596694946
39.5596694946
9.55966758728
20.4403324127
50.4403305054
80.4403305054
56.5650520325
26.5650520325
3.43494796753
33.4349479675
63.4349479675
93.4349517822
79.7636413574
49.7636413574
19.7636413574
10.2363586426
40.2363586426
70.2363586426
71.6335372925
41.6335411072
11.6335391998
18.3664608002
48.3664588928
78.3664627075
110.217590332
80.217590332
50.217590332
20.217590332
9.78240966797
39.782409668
8.99098968506
38.9909896851
68.9909896851
98.9909896851
128.990997314
158.990997314
3.43494415283
26.5650558472
56.5650558472
86.5650558472
116.565055847
146.565063477
38.7461624146
8.74616241455
21.2538375854
51.2538375854
81.2538375854
111.253837585
5.53768157959
35.5376815796
65.5376815796
95.5376815796
125.53768158
155.537689209
2.52556610107
27.4744338989
57.4744338989
87.4744338989
117.474433899
147.47442627
18.6900672913
11.3099327087
41.3099327087
71.3099365234
101.309936523
131.309936523
160.824813843
130.824813843
100.824813843
70.8248138428
40.8248138428
10.8248138428
4.53778839111
25.4622116089
55.4622116089
85.4622116089
115.462211609
145.462219238
45.8542633057
135.854263306
34.9636039734
4.96360397339
25.0363960266
55.0363960266
85.0363922119
115.036392212
11.5187911987
41.5187911987
71.5187911987
101.518791199
131.518798828
161.518798828
142.249023438
112.249023438
82.2490234375
52.2490234375
22.2490234375
7.7509765625
53.5522613525
23.5522632599
6.44773674011
36.4477386475
66.4477386475
96.4477386475
105.068580627
102.758544922
75.0685806274
72.7585449219
45.0685806274
42.7585411072
15.0685825348
12.7585411072
14.9314174652
17.2414588928
44.9314193726
47.2414588928
105.068580627
75.0685806274
45.0685806274
15.0685825348
14.9314174652
44.9314193726
116.423660278
86.4236602783
56.423664093
26.423664093
3.57633590698
33.576335907
105.465545654
75.4655456543
45.4655456543
15.4655456543
14.5344543457
44.5344543457
103.072486877
73.0724868774
43.0724868774
13.0724868774
16.9275131226
46.9275131226
82.5946426392
52.5946426392
22.5946426392
7.405356884
37.4053573608
67.4053573608
91.389541626
61.389541626
31.3895397186
1.38953971863
28.6104602814
58.610458374
69.2277450562
39.2277450562
20.7722549438
50.7722549438
87.5288085938
57.5288085938
27.5288085938
2.47119235992
32.4711914062
62.4711914062
97.4794311523
67.4794311523
37.479434967
7.47943496704
22.520565033
52.520565033
95.8544540405
65.8544540405
35.8544540405
5.85445594788
24.1455440521
54.1455459595
79.7636413574
49.7636413574
19.7636413574
10.2363586426
40.2363586426
70.2363586426
71.4236679077
41.423664093
11.4236660004
18.5763339996
48.576335907
78.5763320923
59.2913627625
29.2913627625
0.708637237549
30.7086372375
60.7086372375
90.7086334229
75.0
45.0
15.0
15.0
45.0
75.0
37.8749847412
7.87498378754
52.1250152588
82.1250152588
96.5014343262
66.5014343262
36.5014343262
6.50143432617
23.4985656738
53.4985656738
98.8059387207
68.8059387207
8.80594062805
21.1940593719
109.286880493
79.2868804932
49.2868766785
19.2868766785
10.7131233215
40.7131233215
78.3664627075
48.3664588928
18.3664608002
11.6335391998
41.6335411072
71.6335372925
78.2704849243
48.270488739
18.270488739
11.7295122147
41.729511261
71.7295150757
82.6960525513
52.6960525513
22.6960506439
7.30394887924
37.3039474487
67.3039474487
50.0952301025
140.095230103
17.7352218628
12.2647781372
42.2647781372
72.2647781372
102.264778137
132.264770508
22.8749847412
7.12501525879
37.1250152588
67.1250152588
97.1250152588
127.125015259
14.3577575684
15.6422424316
45.6422424316
75.6422424316
105.642242432
135.642242432
47.3540229797
17.3540229797
12.6459770203
42.6459770203
72.645980835
102.645980835
107.195732117
77.1957321167
47.1957321167
17.1957321167
12.8042678833
42.8042678833
104.264511108
14.2645149231
99.2277450562
69.2277450562
39.2277450562
9.22774505615
20.7722549438
50.7722549438
63.1113433838
33.1113433838
3.11134147644
26.8886585236
56.8886566162
86.8886566162
165.0
135.0
105.0
75.0
45.0
15.0
161.633544922
131.633544922
101.633537292
71.6335372925
41.6335372925
11.6335372925
106.077087402
76.0770874023
16.0770893097
13.9229106903
158.157226562
128.157226562
98.1572265625
68.1572265625
38.1572265625
8.1572265625
2.59520721436
32.5952072144
62.5952072144
92.5952072144
122.595207214
152.595214844
5.58818054199
35.588180542
65.588180542
95.588180542
125.588180542
155.588180542
84.0902786255
54.0902748108
24.0902748108
5.90972423553
35.9097251892
65.9097213745
67.6033706665
37.6033706665
7.60337018967
22.3966293335
52.3966293335
82.3966293335
78.0127868652
48.0127868652
18.0127868652
11.9872131348
41.9872131348
71.9872131348
50.5560455322
20.5560455322
9.44395446777
39.4439544678
69.4439544678
99.4439544678
30.0
0.0
30.0
60.0
90.0
120.0
11.1859254837
78.8140716553
110.237442017
80.2374420166
50.2374458313
20.2374458313
9.7625541687
39.7625541687
98.2901153564
68.2901153564
38.2901153564
8.29011535645
21.7098846436
51.7098846436
95.7281188965
65.7281188965
35.7281150818
5.72811508179
24.2718849182
54.2718849182
83.6076278687
53.607624054
23.607624054
6.39237499237
36.392375946
66.3923721313
4.29004669189
24.5226325989
25.7099533081
5.47736740112
55.7099533081
35.4773674011
85.7099533081
65.4773712158
115.709953308
95.4773712158
145.709960938
125.477371216
13.099067688
43.099067688
73.099067688
103.099067688
133.099060059
163.099060059
6.05670166016
23.9432983398
53.9432983398
83.9432983398
113.94329834
143.94329834
12.6116752625
17.3883247375
47.3883247375
77.3883209229
107.388320923
137.388320923
14.7089233398
15.2910766602
45.2910766602
75.2910766602
105.29107666
135.29107666
26.2779846191
3.72201538086
33.7220153809
63.7220153809
93.7220153809
123.722015381
59.6701507568
29.6701507568
0.329850196838
30.3298492432
60.3298492432
90.3298492432
106.136146545
76.1361465454
104.66267395
46.1361465454
74.6626739502
16.1361446381
13.8638553619
14.6626701355
43.8638534546
15.3373298645
31.3860702515
1.38607025146
28.6139297485
58.6139297485
88.6139297485
118.613929749
108.624954224
78.6249542236
18.6249580383
11.3750419617
60.3791275024
30.3791275024
0.379127502441
29.6208724976
59.6208724976
89.6208724976
60.9637565613
0.963757514954
29.0362434387
89.036239624
12.8972740173
17.1027259827
47.1027259827
77.102722168
107.102722168
137.102722168
161.987213135
131.987213135
101.987205505
71.9872055054
41.9872055054
11.9872055054
53.74949646
23.7494945526
6.25050544739
36.25050354
66.25050354
96.25050354
15.0685806274
14.9314193726
44.9314193726
74.9314193726
104.931419373
134.931427002
1.60749816895
31.6074981689
61.6074981689
91.6074981689
121.607498169
151.607498169
6.36150360107
36.3615036011
66.3615036011
96.3615036011
126.361503601
156.36151123
162.173309326
132.173309326
102.173316956
72.1733169556
42.1733169556
12.1733169556
137.537445068
107.537445068
77.5374450684
47.5374412537
17.5374412537
12.4625587463
139.815307617
109.815299988
79.8152999878
49.8152999878
19.8152999878
10.1847000122
50.9837112427
39.0162887573
84.5798797607
54.5798835754
24.5798835754
5.42011737823
35.4201164246
65.4201202393
70.1763458252
40.1763458252
10.1763467789
19.8236541748
49.8236541748
79.8236541748
90.2503967285
60.2503967285
30.2503967285
0.25039768219
29.7496032715
59.7496032715
106.282623291
76.282623291
46.2826271057
16.2826271057
13.7173728943
43.7173728943
36.3588066101
6.35880661011
23.6411933899
53.6411933899
83.6411895752
113.641189575
131.641769409
101.641769409
71.6417694092
41.6417732239
11.6417732239
18.3582267761
143.872817993
113.872817993
83.8728179932
53.8728179932
23.8728179932
6.12718200684
160.295639038
130.295639038
100.295639038
70.2956390381
40.2956390381
10.2956390381
0.703125
90.703125
165.0
135.0
105.0
75.0
45.0
15.0
95.323135376
65.323135376
35.323135376
5.32313537598
24.676864624
54.676864624
87.724357605
57.724357605
27.7243556976
2.27564430237
32.275642395
62.275642395
16.389541626
13.610458374
73.610458374
103.610458374
12.8477058411
17.1522941589
77.1522979736
107.152297974
7.87498474121
37.8749847412
67.8749847412
97.8749847412
127.874984741
157.874984741
121.636581421
91.6365814209
61.6365776062
31.6365776062
1.6365776062
28.3634223938
69.8055725098
39.8055725098
9.80557155609
20.1944274902
50.1944274902
80.1944274902
83.7461624146
53.7461624146
23.7461624146
6.25383853912
36.2538375854
66.2538375854
126.709838867
96.7098388672
66.7098388672
36.7098350525
6.70983505249
23.2901649475
15.0
45.0
75.0
105.0
135.0
165.0
11.5650482178
18.4349517822
78.4349517822
108.434951782
128.530761719
98.5307617188
68.5307617188
38.5307655334
8.53076553345
21.4692344666
88.4957351685
58.4957351685
28.4957332611
1.50426673889
31.5042667389
61.5042648315
127.125015259
97.1250152588
67.1250152588
37.1250152588
7.12501525879
22.8749847412
86.6336364746
56.6336326599
26.6336326599
3.36636638641
33.3663673401
63.3663673401
107.005386353
77.0053863525
47.0053825378
17.0053825378
12.9946174622
42.9946174622
85.6196517944
55.6196556091
25.6196556091
4.38034534454
34.3803443909
64.3803482056
123.50353241
127.815292358
93.5035324097
97.8152923584
63.5035324097
67.8152923584
33.5035324097
37.8152923584
3.50353240967
7.8152923584
26.4964675903
22.1847076416
72.8921508789
162.892150879
12.8111572266
42.8111572266
72.8111572266
102.811157227
132.811157227
162.811157227
8.48494720459
21.5150527954
51.5150527954
81.5150527954
111.515052795
141.515045166
7.36512756348
22.6348724365
52.6348724365
82.6348724365
112.634872437
142.634872437
160.236358643
130.236358643
100.236358643
70.2363586426
40.2363586426
10.2363586426
163.264297485
133.264297485
103.264297485
73.2642974854
43.2642974854
13.2642974854
161.841705322
131.841705322
101.841705322
71.8417053223
41.8417053223
11.8417053223
160.110427856
130.110427856
100.110427856
70.1104278564
40.1104278564
10.1104278564
11.9275131226
41.9275131226
71.9275131226
101.927513123
131.927520752
161.927520752
94.3589935303
64.3589935303
34.3589935303
4.35899353027
25.6410064697
55.6410064697
89.036239624
59.0362434387
29.0362434387
0.963757514954
30.9637565613
60.9637565613
81.0090026855
21.0090065002
8.99099349976
68.9909973145
87.0947570801
57.0947570801
27.0947570801
2.9052438736
32.9052429199
62.9052429199
91.6992492676
61.6992454529
31.6992454529
1.69924545288
28.3007545471
58.3007545471
153.407821655
123.407821655
93.4078216553
63.4078216553
33.4078216553
3.40782165527
162.13760376
102.13759613
72.1375961304
12.1375961304
125.544013977
35.5440139771
24.9868850708
5.0131149292
35.0131149292
65.0131149292
95.0131149292
125.013114929
10.2777175903
19.7222824097
79.7222824097
109.72228241
130.007980347
100.007980347
70.0079803467
40.0079803467
10.0079803467
19.9920196533
71.0102386475
41.0102424622
11.0102424622
18.9897575378
48.9897575378
78.9897613525
9.82054901123
20.1794509888
50.1794509888
80.1794509888
110.179450989
140.179443359
103.886581421
73.8865814209
43.8865814209
13.8865814209
16.1134185791
46.1134185791
2.35402679443
27.6459732056
57.6459732056
87.6459732056
117.645973206
147.645965576
144.227752686
114.227752686
84.2277526855
54.2277526855
24.2277526855
5.77224731445
59.0546035767
29.054605484
0.945394515991
30.945394516
60.9453964233
90.9453964233
44.8586120605
134.858612061
8.8844909668
38.8844909668
98.8844909668
128.884490967
12.5104446411
42.5104446411
72.5104446411
102.510444641
132.510437012
162.510437012
7.09283447266
37.0928344727
67.0928344727
97.0928344727
127.092834473
157.092834473
89.036239624
0.963757514954
26.8881340027
3.11186599731
33.1118659973
63.1118659973
93.1118621826
123.111862183
4.83071899414
34.8307189941
64.8307189941
94.8307189941
124.830718994
154.830718994
82.6960525513
52.6960525513
22.6960506439
7.30394887924
37.3039474487
67.3039474487
154.380340576
124.380348206
88.5399856567
94.3803482056
64.3803482056
34.3803482056
1.46001434326
4.38034820557
153.690063477
123.690071106
93.690071106
63.690071106
33.690071106
3.69007110596
149.357757568
119.357757568
89.3577575684
59.3577575684
29.3577575684
0.642242431641
17.275642395
12.724357605
42.724357605
72.724357605
102.724357605
132.724365234
108.434951782
18.4349517822
20.3764362335
69.6235656738
138.434951782
108.434951782
78.4349517822
48.4349517822
18.4349517822
11.5650482178
35.9061431885
5.90614318848
24.0938568115
54.0938568115
84.0938568115
114.093856812
153.690063477
123.690071106
93.690071106
63.690071106
33.690071106
3.69007110596
37.4314079285
7.43140792847
22.5685920715
52.5685920715
82.5685882568
112.568588257
148.495635986
118.495635986
88.4956359863
58.4956359863
28.4956359863
1.50436401367
160.914382935
20.5376777649
110.909721375
130.914382935
9.46232223511
80.9097213745
100.914382935
39.4623222351
50.9097213745
70.9143829346
69.4623260498
20.9097213745
40.9143829346
99.4623260498
9.09027862549
10.9143829346
129.46232605
39.0902786255
38.4711456299
8.47114562988
21.5288543701
51.5288543701
81.5288543701
111.52885437
96.1612548828
66.1612548828
36.1612586975
6.16125869751
23.8387413025
53.8387413025
56.0753555298
26.0753555298
3.92464447021
33.9246444702
63.9246444702
93.9246444702
3.43494415283
26.5650558472
56.5650558472
86.5650558472
116.565055847
146.565063477
101.565048218
71.5650482178
41.5650482178
11.5650482178
18.4349517822
48.4349517822
102.897270203
72.8972702026
42.8972702026
12.89727211
17.10272789
47.1027297974
98.6293792725
68.6293792725
38.6293754578
8.62937545776
21.3706245422
51.3706245422
98.9624862671
8.96248817444
102.897270203
72.8972702026
42.8972702026
12.89727211
17.10272789
47.1027297974
104.357757568
74.3577575684
44.3577537537
14.3577537537
15.6422462463
45.6422462463
127.125015259
97.1250152588
67.1250152588
37.1250152588
7.12501525879
22.8749847412
41.8886566162
11.8886566162
18.1113433838
48.1113433838
78.1113433838
108.111343384
159.09387207
129.09387207
99.0938644409
69.0938644409
39.0938644409
9.09386444092
156.573028564
126.573028564
96.5730285645
66.5730285645
36.5730285645
6.57302856445
12.5104446411
42.5104446411
72.5104446411
102.510444641
132.510437012
162.510437012
79.9697418213
10.0302591324
82.7651672363
52.7651672363
22.7651672363
7.23483371735
37.2348327637
67.2348327637
86.3099365234
56.3099327087
26.3099327087
3.69006729126
33.6900672913
63.6900672913
126.340194702
96.3401947021
66.3401947021
36.3401908875
6.34019088745
23.6598091125
123.576339722
33.576335907
152.799530029
131.309936523
122.799530029
62.7995300293
41.3099327087
32.7995300293
158.480194092
128.480194092
98.4801940918
68.4801940918
38.4801940918
8.4801940918
15.4655456543
14.5344543457
44.5344543457
74.5344543457
104.534454346
134.534454346
5.22486114502
24.775138855
54.775138855
84.775138855
114.775138855
144.775146484
0.524108886719
29.4758911133
59.4758911133
89.4758911133
119.475891113
149.475891113
7.23483276367
37.2348327637
67.2348327637
97.2348327637
127.234832764
157.234832764
7.87498474121
37.8749847412
67.8749847412
97.8749847412
127.874984741
157.874984741
5.85446166992
24.1455383301
54.1455383301
84.1455383301
114.14553833
144.14553833
70.7636032104
160.76361084
153.690063477
123.690071106
93.690071106
63.690071106
33.690071106
3.69007110596
19.9920196533
10.0079803467
40.0079803467
70.0079803467
100.007980347
130.007980347
118.025062561
88.025062561
58.025062561
28.025062561
1.97493743896
31.974937439
100.463348389
70.4633483887
40.463344574
10.463344574
19.536655426
49.536655426
97.8336486816
67.8336486816
37.8336524963
7.83365249634
22.1663475037
52.1663475037
70.0302581787
40.0302581787
10.0302591324
19.9697418213
49.9697418213
79.9697418213
89.6208724976
59.6208724976
29.6208724976
0.379127502441
30.3791275024
60.3791275024
69.5596694946
39.5596694946
9.55966758728
20.4403324127
50.4403305054
80.4403305054
100.559967041
70.559967041
40.5599632263
10.5599632263
19.4400367737
49.4400367737
120.0
90.0
60.0
30.0
0.0
30.0
12.6459732056
17.3540267944
47.3540267944
77.3540267944
107.354026794
137.354034424
6.03750610352
23.9624938965
53.9624938965
83.9624938965
113.962493896
143.962493896
50.662902832
20.6629009247
9.33709907532
39.337097168
69.337097168
99.337097168
162.510437012
132.510437012
102.510444641
72.5104446411
42.5104446411
12.5104446411
160.236358643
130.236358643
100.236358643
70.2363586426
40.2363586426
10.2363586426
126.632522583
96.632522583
66.632522583
36.6325187683
6.63251876831
23.3674812317
120.0
90.0
60.0
30.0
0.0
30.0
6.85092163086
96.8509216309
17.0205287933
12.9794712067
72.9794692993
102.979469299
75.0
28.025062561
9.55966186523
45.0
1.97493743896
39.5596618652
15.0
31.974937439
69.5596618652
15.0
61.974937439
99.5596618652
45.0
91.974937439
129.559661865
75.0
121.974937439
159.559661865
100.016891479
8.19859313965
70.0168914795
21.8014068604
40.0168914795
51.8014068604
10.0168914795
81.8014068604
19.9831085205
111.80140686
49.9831085205
141.80140686
18.4349517822
11.5650482178
71.5650482178
101.565048218
122.726318359
92.7263183594
62.7263145447
32.7263145447
2.72631454468
27.2736854553
150.379119873
120.379119873
90.379119873
60.379119873
30.379119873
0.379119873047
2.1957321167
32.1957321167
62.1957321167
92.1957321167
122.195732117
152.195739746
157.568588257
127.568588257
97.5685882568
67.5685882568
37.5685882568
7.56858825684
42.5288085938
12.5288085938
17.4711914062
47.4711914062
77.4711914062
107.471191406
123.990913391
93.9909133911
63.9909133911
33.9909133911
3.99091339111
26.0090866089
77.4895553589
47.4895515442
17.4895534515
12.5104475021
42.5104484558
72.5104446411
96.0375061035
66.0375061035
36.0375099182
6.03750991821
23.9624900818
53.9624900818
80.7105941772
50.7105941772
20.7105922699
9.2894077301
39.2894058228
69.2894058228
101.565048218
71.5650482178
41.5650482178
11.5650482178
18.4349517822
48.4349517822
118.667778015
88.6677780151
58.6677780151
28.6677780151
1.33222198486
31.3322219849
50.0952339172
20.0952339172
9.90476608276
39.9047660828
69.9047698975
99.9047698975
134.620880127
104.620872498
74.6208724976
44.6208724976
14.6208724976
15.3791275024
30.0
0.0
30.0
60.0
90.0
120.0
163.025054932
133.025054932
103.025062561
73.025062561
43.025062561
13.025062561
1.26020050049
28.7397994995
58.7397994995
88.7397994995
118.7397995
148.739807129
161.388000488
131.388000488
101.388000488
71.3880004883
41.3880004883
11.3880004883
89.7900848389
59.7900848389
29.7900848389
0.209914207458
30.2099151611
60.2099151611
83.1950759888
53.1950798035
23.1950798035
6.80492115021
36.8049201965
66.8049240112
138.510391235
108.510391235
78.5103912354
48.5103912354
18.5103912354
11.4896087646
137.537445068
107.537445068
77.5374450684
47.5374412537
17.5374412537
12.4625587463
25.2455329895
4.7544670105
34.7544670105
64.7544708252
94.7544708252
124.754470825
1.92751312256
28.0724868774
58.0724868774
88.0724868774
118.072486877
148.072479248
13.0048522949
16.9951477051
46.9951477051
76.9951477051
106.995147705
136.995147705
159.036270142
129.036270142
99.0362701416
69.0362701416
39.0362701416
9.0362701416
9.0362701416
39.0362701416
69.0362701416
99.0362701416
129.036270142
159.036270142
137.241470337
107.241470337
77.2414703369
47.2414665222
17.2414665222
12.7585334778
135.945404053
105.945396423
75.9453964233
45.9453964233
15.9453964233
14.0546035767
124.635467529
94.6354675293
64.6354675293
34.6354637146
4.6354637146
25.3645362854
31.607503891
1.60750389099
58.3924942017
88.3924942017
104.036247253
74.0362472534
14.0362472534
15.9637527466
31.759475708
61.759475708
121.759475708
151.759475708
162.98651123
132.98651123
102.98651886
72.9865188599
42.9865188599
12.9865188599
18.6900672913
11.3099327087
41.3099327087
71.3099365234
101.309936523
131.309936523
116.987213135
86.9872131348
56.9872093201
26.9872093201
3.01279067993
33.0127906799
0.25643157959
30.2564315796
60.2564315796
90.2564315796
120.25643158
150.256439209
7.38013458252
22.6198654175
52.6198654175
82.6198654175
112.619865417
142.619873047
2.47119140625
32.4711914062
62.4711914062
92.4711914062
122.471191406
152.471191406
4.21569824219
34.2156982422
64.2156982422
94.2156982422
124.215698242
154.215698242
115.15599823
85.15599823
25.15599823
4.84400177002
90.2716522217
60.2716522217
30.2716522217
0.27165222168
29.7283477783
59.7283477783
75.0
45.0
15.0
15.0
45.0
75.0
98.1985931396
8.19858932495
100.201118469
70.2011184692
40.2011184692
10.2011203766
19.7988796234
49.7988815308
90.2551193237
60.2551193237
30.2551193237
0.255118370056
29.7448806763
59.7448806763
92.1027297974
62.1027297974
32.1027297974
2.10272789001
27.89727211
57.8972702026
4.69515419006
85.3048477173
64.875328064
34.875328064
4.87532806396
25.124671936
55.124671936
85.124671936
59.9315109253
29.9315109253
0.0684881210327
30.0684890747
60.0684890747
90.0684890747
162.207305908
102.207298279
72.2072982788
12.2072982788
79.8990936279
49.8990936279
19.8990936279
10.1009073257
40.1009063721
70.1009063721
84.7275772095
54.7275772095
24.7275772095
5.27242183685
35.2724227905
65.2724227905
86.3792114258
56.3792114258
26.3792114258
3.62078762054
33.6207885742
63.6207885742
97.2921447754
67.2921447754
37.2921447754
7.29214477539
22.7078552246
52.7078552246
89.7088699341
59.7088699341
29.7088680267
0.291131973267
30.2911319733
60.2911300659
92.7542114258
62.7542076111
32.7542076111
2.75420761108
27.2457923889
57.2457923889
7.76500701904
22.234992981
52.234992981
82.234992981
112.234992981
142.234985352
6.38861846924
23.6113815308
53.6113815308
83.6113815308
113.611381531
143.61138916
53.6293792725
23.6293792725
6.37062072754
36.3706207275
66.3706207275
96.3706207275
86.3099365234
56.3099327087
26.3099327087
3.69006729126
33.6900672913
63.6900672913
33.576335907
3.57633590698
26.423664093
56.423664093
86.4236602783
116.423660278
28.1523857117
118.152389526
15.6506690979
14.3493309021
44.3493309021
74.3493347168
104.349334717
134.349334717
15.5792274475
14.4207725525
44.4207725525
74.4207763672
104.420776367
134.420776367
112.619865417
82.6198654175
22.6198654175
7.38013458252
114.173660278
84.1736602783
54.1736564636
24.1736564636
5.82634353638
35.8263435364
6.74851989746
36.7485198975
66.7485198975
96.7485198975
126.748519897
156.748519897
35.6982955933
65.6982955933
125.698295593
155.698303223
10.9143829346
40.9143829346
70.9143829346
100.914382935
130.914382935
160.914382935
160.76361084
130.76361084
100.76360321
70.7636032104
40.7636032104
10.7636032104
98.0175628662
68.0175628662
8.01756095886
21.9824390411
98.9624938965
8.96249008179
89.4702911377
0.529706001282
90.1735153198
0.173515319824
90.0
0.0
165.0
135.0
75.0
45.0
162.207305908
102.207298279
72.2072982788
12.2072982788
82.1763381958
52.1763381958
22.1763362885
7.82366371155
37.8236618042
67.8236618042
10.4077072144
19.5922927856
49.5922927856
79.5922927856
109.592292786
139.592285156
145.104553223
115.104560852
85.1045608521
55.1045608521
25.1045608521
4.89543914795
22.56199646
7.43800354004
37.43800354
67.43800354
97.43800354
127.43800354
129.002716064
99.0027160645
69.0027160645
39.0027122498
9.00271224976
20.9972877502
12.7585334778
17.2414665222
47.2414665222
77.2414703369
107.241470337
137.241470337
12.1375961304
42.1375961304
72.1375961304
102.13759613
132.13760376
162.13760376
139.440032959
109.440032959
79.440032959
49.440032959
19.440032959
10.559967041
129.46232605
99.4623260498
69.4623260498
39.4623222351
9.46232223511
20.5376777649
115.364532471
85.3645324707
55.3645324707
25.3645324707
4.6354675293
34.6354675293
98.74949646
68.74949646
38.74949646
8.74949455261
21.2505054474
51.25050354
65.5376739502
35.5376777649
5.53767776489
24.4623222351
54.4623222351
84.4623260498
82.1250152588
52.1250152588
22.1250152588
7.87498378754
37.8749847412
67.8749847412
89.6208724976
59.6208724976
29.6208724976
0.379127502441
30.3791275024
60.3791275024
59.9315109253
29.9315109253
30.0684890747
60.0684890747
44.0362434387
14.0362434387
15.9637565613
45.9637565613
75.963760376
105.963760376
20.8376502991
9.16234970093
39.1623497009
69.1623535156
99.1623535156
129.162353516
152.275634766
122.275642395
92.275642395
62.275642395
32.275642395
2.27564239502
7.2490234375
22.7509765625
52.7509765625
82.7509765625
112.750976562
142.750976562
106.607498169
76.6074981689
46.6075019836
16.6075019836
13.3924980164
43.3924980164
95.3831176758
65.3831176758
5.38311386108
24.6168861389
95.224861145
65.224861145
35.224861145
5.22485923767
24.7751407623
54.775138855
93.4349517822
63.4349479675
33.4349479675
3.43494796753
26.5650520325
56.5650520325
0.603790283203
89.3962097168
0.379119873047
90.379119873
154.045928955
124.045936584
94.0459365845
64.0459365845
34.0459365845
4.04593658447
46.389541626
16.389541626
13.610458374
43.610458374
73.610458374
103.610458374
100.016891479
70.0168914795
40.0168914795
10.0168914795
19.9831085205
49.9831085205
44.4207763672
14.4207763672
15.5792236328
45.5792236328
75.5792236328
105.579223633
3.43494415283
26.5650558472
56.5650558472
86.5650558472
116.565055847
146.565063477
6.46923065186
36.4692306519
66.4692306519
96.4692306519
126.469230652
156.469238281
17.9432411194
12.0567588806
42.0567588806
72.0567626953
102.056762695
132.056762695
105.650665283
75.6506652832
45.6506652832
15.6506671906
14.3493328094
44.3493347168
52.7379302979
22.7379302979
7.26206970215
37.2620697021
67.2620697021
97.2620697021
0.579223632812
30.5792236328
60.5792236328
90.5792236328
120.579223633
150.579223633
161.676879883
131.676879883
101.676879883
71.6768798828
41.6768798828
11.6768798828
96.1581802368
6.15818023682
98.9624862671
68.9624862671
38.9624862671
8.96248817444
21.0375118256
51.0375137329
133.642913818
40.1632080078
103.642921448
10.1632080078
73.6429214478
19.8367919922
43.6429214478
49.8367919922
13.6429214478
79.8367919922
16.3570785522
109.836791992
90.6422424316
60.6422462463
30.6422462463
0.642246246338
29.3577537537
59.3577537537
66.8698959351
36.8698959351
6.86989688873
23.1301040649
53.1301040649
83.1301040649
104.357757568
112.568588257
74.3577575684
82.5685882568
44.3577537537
52.5685920715
14.3577537537
22.5685920715
15.6422462463
7.43140792847
45.6422462463
37.4314079285
94.85521698
64.85521698
34.85521698
4.85521507263
25.1447849274
55.14478302
88.6713104248
58.6713066101
28.6713066101
1.32869338989
31.3286933899
61.3286933899
92.4471893311
62.4471893311
32.4471893311
2.44718742371
27.5528125763
57.5528106689
73.2642974854
43.2642936707
13.264295578
16.735704422
46.7357063293
76.7357025146
62.7352256775
32.7352256775
2.73522663116
27.2647743225
57.2647743225
87.2647705078
79.5400085449
49.5400123596
19.5400104523
10.4599895477
40.4599876404
70.4599914551
75.0
45.0
15.0
15.0
45.0
75.0
71.0548171997
41.054813385
11.054813385
18.945186615
48.945186615
78.9451828003
95.1363067627
65.1363067627
35.136302948
5.136302948
24.863697052
54.863697052
97.7509765625
67.7509765625
37.7509765625
7.75097465515
22.2490253448
52.2490234375
81.0090026855
51.0090065002
21.0090065002
8.99099349976
38.9909934998
68.9909973145
96.0375061035
66.0375061035
36.0375099182
6.03750991821
23.9624900818
53.9624900818
63.4349479675
26.5650520325
77.2025985718
47.2025985718
17.2025985718
12.7974014282
42.7974014282
72.7974014282
134.036254883
104.036247253
74.0362472534
44.0362472534
14.0362472534
15.9637527466
120.089660645
90.0896606445
60.0896644592
30.0896644592
0.0896644592285
29.9103355408
97.7164306641
7.71643066406
8.19859313965
21.8014068604
51.8014068604
81.8014068604
111.80140686
141.80140686
32.7879104614
62.7879104614
122.787910461
152.787902832
83.6598052979
6.34019088745
84.7275772095
54.7275772095
24.7275772095
5.27242183685
35.2724227905
65.2724227905
83.1301040649
53.1301040649
23.1301040649
6.86989688873
36.8698959351
66.8698959351
78.8140716553
48.81407547
18.81407547
11.1859254837
41.18592453
71.1859283447
64.5085220337
34.5085220337
4.50852298737
25.4914779663
55.4914779663
85.4914779663
12.9211807251
42.9211807251
72.9211807251
102.921180725
132.921173096
162.921173096
45.7090568542
15.7090568542
14.2909431458
44.2909431458
74.2909393311
104.290939331
108.514587402
78.5145874023
48.5145835876
18.5145835876
11.4854164124
41.4854164124
11.399887085
41.399887085
71.399887085
101.399887085
131.399887085
161.399887085
121.636581421
91.6365814209
61.6365776062
31.6365776062
1.6365776062
28.3634223938
97.2490234375
67.2490234375
37.2490234375
7.2490234375
22.7509765625
52.7509765625
47.2414588928
17.2414588928
12.7585411072
42.7585411072
72.7585449219
102.758544922
93.690071106
3.69007110596
4.22925567627
25.7707443237
55.7707443237
85.7707443237
115.770744324
145.770751953
97.7852249146
67.7852249146
37.7852249146
7.7852268219
22.2147731781
52.2147750854
67.0233306885
37.0233306885
22.9766674042
52.9766693115
11.3867721558
41.3867721558
71.3867721558
101.386772156
131.386779785
161.386779785
8.72978210449
38.7297821045
68.7297821045
98.7297821045
128.729782104
158.729782104
11.5650482178
78.4349517822
7.87498474121
37.8749847412
67.8749847412
97.8749847412
127.874984741
157.874984741
13.0908432007
43.0908432007
73.0908432007
103.090843201
133.09085083
163.09085083
153.231719971
123.231712341
93.2317123413
63.2317123413
33.2317123413
3.23171234131
30.0
0.0
30.0
60.0
90.0
120.0
115.815078735
85.8150787354
55.81508255
25.81508255
4.18491744995
34.18491745
50.224861145
20.224861145
9.77513885498
39.775138855
69.775138855
99.775138855
105.694664001
75.6946640015
45.6946640015
15.6946640015
14.3053359985
44.3053359985
98.0732727051
38.0732765198
8.07327651978
51.9267234802
110.217590332
80.217590332
50.217590332
20.217590332
9.78240966797
39.782409668
17.1522903442
12.8477096558
42.8477096558
72.8477096558
102.847709656
132.847717285
80.6600723267
9.33992481232
158.758087158
128.758087158
98.7580871582
68.7580871582
38.7580871582
8.7580871582
95.8544540405
65.8544540405
35.8544540405
5.85445594788
24.1455440521
54.1455459595
93.4349517822
63.4349479675
33.4349479675
3.43494796753
26.5650520325
56.5650520325
142.011291504
112.011283875
82.0112838745
52.0112838745
22.0112838745
7.98871612549
135.018356323
105.018356323
75.0183563232
45.0183601379
15.0183601379
14.9816398621
135.461212158
105.461212158
75.4612121582
45.4612121582
15.4612121582
14.5387878418
25.4260787964
23.6598091125
4.57392120361
6.34019088745
34.5739212036
64.5739212036
66.3401947021
94.5739212036
96.3401947021
124.573921204
15.6997261047
14.3002738953
44.3002738953
74.30027771
104.30027771
134.30027771
95.7722549438
65.7722549438
35.7722549438
5.7722530365
24.2277469635
54.2277450562
128.746154785
98.7461624146
68.7461624146
38.7461624146
8.74616241455
21.2538375854
128.130096436
98.1301040649
68.1301040649
38.1301040649
8.13010406494
21.8698959351
153.310638428
123.310630798
93.3106307983
63.3106307983
33.3106307983
3.31063079834
114.559661865
81.8698959351
84.5596618652
54.5596656799
24.5596656799
8.13010406494
5.44033432007
35.4403343201
103.810791016
43.8107910156
13.810792923
46.1892089844
109.992019653
79.9920196533
49.9920196533
19.9920196533
10.0079803467
40.0079803467
100.820991516
70.8209915161
40.8209915161
10.8209896088
19.1790103912
49.1790084839
12.299571991
17.700428009
47.700428009
77.7004241943
107.700424194
137.700424194
109.380340576
79.3803405762
49.3803443909
19.3803443909
10.6196556091
40.6196556091
14.7448768616
15.2551231384
45.2551231384
75.2551269531
105.255126953
135.255126953
8.8059387207
21.1940612793
51.1940612793
81.1940612793
111.194061279
141.194061279
8.41805267334
38.4180526733
68.4180526733
98.4180526733
128.418060303
158.418060303
5.85446166992
24.1455383301
54.1455383301
84.1455383301
114.14553833
144.14553833
11.7295150757
41.7295150757
71.7295150757
101.729515076
131.729522705
161.729522705
5.27242279053
35.2724227905
65.2724227905
95.2724227905
125.272422791
155.27243042
87.9946136475
57.9946136475
27.9946155548
2.00538444519
32.0053863525
62.0053863525
81.1155014038
51.1155052185
21.1155033112
8.88449668884
38.8844947815
68.8844985962
7.83365249634
97.8336486816
62.7352256775
32.7352256775
27.2647743225
57.2647743225
72.3974380493
42.3974380493
12.3974380493
17.6025619507
47.6025619507
77.6025619507
101.565048218
71.5650482178
41.5650482178
11.5650482178
18.4349517822
48.4349517822
95.5560455322
65.5560455322
35.5560455322
5.55604553223
24.4439544678
54.4439544678
78.9451828003
48.945186615
18.945186615
11.054813385
41.054813385
71.0548171997
75.0
45.0
15.0
15.0
45.0
75.0
78.6913833618
48.6913871765
18.6913852692
11.3086147308
41.3086128235
71.3086166382
77.1479187012
47.1479187012
17.1479187012
12.8520812988
42.8520812988
72.8520812988
87.4904022217
57.4904060364
27.4904060364
2.50959396362
32.5095939636
62.5095939636
79.1371536255
49.1371498108
19.1371498108
10.8628492355
40.8628501892
70.8628463745
8.96249389648
21.0375061035
51.0375061035
81.0375061035
111.037506104
141.037506104
159.289398193
129.289398193
99.2894058228
69.2894058228
39.2894058228
9.28940582275
81.4512863159
51.4512901306
21.4512901306
8.54871082306
38.5487098694
68.5487136841
0.124008178711
29.8759918213
59.8759918213
89.8759918213
119.875991821
149.875991821
90.6752319336
0.675231933594
90.6273880005
60.6273841858
30.6273841858
0.627385139465
29.3726158142
59.3726158142
163.400161743
133.400161743
103.400161743
73.4001617432
43.4001617432
13.4001617432
162.952545166
132.952545166
102.952545166
72.952545166
42.952545166
12.952545166
10.8322982788
19.1677017212
49.1677017212
79.1677017212
109.167701721
139.167694092
4.08561706543
85.9143829346
70.9143829346
21.8698959351
113.157226562
40.9143829346
8.13010406494
10.9143829346
38.1301040649
53.1572265625
19.0856170654
68.1301040649
23.1572265625
49.0856170654
98.1301040649
79.0856170654
128.130096436
36.8427734375
100.201118469
70.2011184692
40.2011184692
10.2011203766
19.7988796234
49.7988815308
92.9691390991
62.9691390991
32.9691390991
2.96913719177
27.0308628082
57.0308609009
4.35900115967
25.6409988403
85.6409988403
115.64099884
60.9637565613
30.9637565613
0.963757514954
29.0362434387
59.0362434387
89.036239624
62.4711914062
32.4711914062
2.47119235992
27.5288085938
57.5288085938
87.5288085938
65.7889709473
35.788974762
5.78897476196
24.211025238
54.211025238
84.2110290527
95.217590332
5.21759033203
40.8403053284
10.8403053284
19.1596946716
49.1596946716
79.1596984863
109.159698486
41.3099327087
11.3099327087
18.6900672913
48.6900672913
78.6900634766
108.690063477
34.18491745
124.184921265
26.4964675903
22.1847076416
3.50353240967
7.8152923584
33.5035324097
37.8152923584
63.5035324097
67.8152923584
93.5035324097
97.8152923584
123.50353241
127.815292358
25.4260787964
4.57392120361
34.5739212036
64.5739212036
94.5739212036
124.573921204
17.0053825378
12.9946174622
42.9946174622
72.9946136475
102.994613647
132.994613647
30.0
0.0
30.0
60.0
90.0
120.0
49.536655426
19.536655426
10.463344574
40.463344574
70.4633483887
100.463348389
4.99932098389
34.9993209839
64.9993209839
94.9993209839
124.999320984
154.999328613
12.9053955078
42.9053955078
72.9053955078
102.905395508
132.905395508
162.905395508
165.0
135.0
105.0
75.0
45.0
15.0
8.73843383789
38.7384338379
68.7384338379
98.7384338379
128.738433838
158.738433838
8.24196624756
38.2419662476
68.2419662476
98.2419662476
128.241973877
158.241973877
151.373001099
121.373001099
91.3730010986
61.3730010986
31.3730010986
1.37300109863
37.6987609863
127.698760986
18.6900672913
11.3099327087
41.3099327087
71.3099365234
101.309936523
131.309936523
9.3045501709
20.6954498291
50.6954498291
80.6954498291
110.695449829
140.695449829
18.0333709717
11.9666290283
71.9666290283
101.966629028
53.1890945435
23.1890964508
6.81090354919
36.8109054565
66.8109054565
96.8109054565
44.0362434387
14.0362434387
15.9637565613
45.9637565613
75.963760376
105.963760376
41.3099327087
11.3099327087
18.6900672913
48.6900672913
78.6900634766
108.690063477
37.7651672363
7.76516723633
22.2348327637
52.2348327637
82.2348327637
112.234832764
0.0685806274414
30.0685806274
60.0685806274
90.0685806274
120.068580627
150.068572998
11.5650482178
18.4349517822
48.4349517822
78.4349517822
108.434951782
138.434951782
7.93209838867
22.0679016113
52.0679016113
82.0679016113
112.067901611
142.067901611
2.1957321167
32.1957321167
62.1957321167
92.1957321167
122.195732117
152.195739746
13.4429283142
16.5570716858
46.5570716858
76.5570678711
106.557067871
136.557067871
130.249023438
100.249023438
70.2490234375
40.2490196228
10.2490196228
19.7509803772
64.9920196533
34.9920196533
4.99202060699
25.0079803467
55.0079803467
85.0079803467
102.652557373
72.652557373
12.652557373
17.347442627
135.255126953
105.255126953
75.2551269531
45.2551231384
15.2551231384
14.7448768616
87.0720748901
2.92792510986
130.007980347
100.007980347
70.0079803467
40.0079803467
10.0079803467
19.9920196533
70.0302581787
10.0302591324
19.9697418213
79.9697418213
45.0183639526
15.0183639526
14.9816360474
44.9816360474
74.9816360474
104.981636047
110.311210632
80.3112106323
50.3112106323
20.3112106323
9.68878936768
39.6887893677
60.5946235657
30.5946235657
0.594623565674
29.4053764343
59.4053764343
89.405380249
61.1268882751
31.1268882751
1.12688922882
28.8731117249
58.8731117249
88.8731079102
23.7352027893
6.26479721069
66.2648010254
96.2648010254
135.751174927
105.751174927
75.7511749268
45.7511711121
15.7511711121
14.2488288879
136.113418579
142.380126953
106.113418579
112.380134583
76.1134185791
82.3801345825
46.1134147644
52.3801345825
16.1134147644
22.3801345825
13.8865852356
7.61986541748
33.0127906799
3.01279067993
26.9872093201
56.9872093201
86.9872131348
116.987213135
68.829826355
38.829826355
8.82982444763
21.1701755524
51.170173645
81.170173645
155.217590332
125.217590332
95.217590332
65.217590332
35.217590332
5.21759033203
104.054603577
74.0546035767
44.0546035767
14.0546035767
15.9453964233
45.9453964233
146.565063477
116.565055847
56.5650558472
26.5650558472
162.87890625
132.87890625
102.87890625
72.87890625
42.87890625
12.87890625
61.865978241
31.865978241
1.86597728729
28.134021759
58.134021759
88.1340255737
64.5085220337
34.5085220337
4.50852298737
25.4914779663
55.4914779663
85.4914779663
71.7295150757
41.729511261
11.7295122147
18.270488739
48.270488739
78.2704849243
80.3629760742
9.63702011108
144.657287598
114.657287598
84.6572875977
54.6572875977
24.6572875977
5.34271240234
2.89412689209
32.8941268921
62.8941268921
92.8941268921
122.894126892
152.894134521
17.5924263
12.4075737
72.4075775146
102.407577515
70.1009063721
10.1009073257
19.8990936279
79.8990936279
70.1009063721
40.1009063721
10.1009073257
19.8990936279
49.8990936279
79.8990936279
135.524108887
105.524108887
75.5241088867
45.524105072
15.524105072
14.475894928
11.6078033447
41.6078033447
71.6078033447
101.607803345
131.607803345
161.607803345
100.64100647
70.6410064697
40.641002655
10.641002655
19.358997345
49.358997345
99.2277450562
69.2277450562
39.2277450562
9.22774505615
20.7722549438
50.7722549438
97.7509765625
67.7509765625
37.7509765625
7.75097465515
22.2490253448
52.2490234375
94.5366516113
64.5366516113
34.5366516113
4.53665351868
25.4633464813
55.4633483887
99.4439544678
69.4439544678
39.4439544678
9.44395446777
20.5560455322
50.5560455322
16.6074981689
13.3925018311
73.3925018311
103.392501831
15.0
45.0
75.0
105.0
135.0
165.0
11.8201751709
41.8201751709
71.8201751709
101.820175171
131.820175171
161.820175171
128.746154785
98.7461624146
68.7461624146
38.7461624146
8.74616241455
21.2538375854
57.4744338989
27.4744338989
2.52556610107
32.5255661011
62.5255661011
92.5255661011
161.987213135
131.987213135
101.987205505
71.9872055054
41.9872055054
11.9872055054
17.9052429199
12.0947570801
42.0947570801
72.0947570801
102.09475708
132.09475708
59.9315109253
29.9315109253
0.0684881210327
30.0684890747
60.0684890747
90.0684890747
51.0375137329
21.0375118256
8.96248817444
38.9624862671
68.9624862671
98.9624862671
17.0053825378
12.9946174622
42.9946174622
72.9946136475
102.994613647
132.994613647
66.9549255371
36.9549293518
6.95492839813
23.0450706482
53.0450706482
83.0450744629
8.19858932495
98.1985931396
98.4181747437
68.4181747437
8.41817474365
21.5818252563
99.1110229492
9.11102104187
88.966293335
1.03370285034
17.1957359314
12.8042640686
42.8042640686
72.8042602539
102.804260254
132.804260254
75.0
45.0
15.0
15.0
45.0
75.0
120.0
90.0
60.0
30.0
0.0
30.0
70.2363586426
40.2363586426
10.2363586426
19.7636413574
49.7636413574
79.7636413574
44.3002738953
134.30027771
161.308624268
131.308624268
101.308616638
71.3086166382
41.3086166382
11.3086166382
26.6335372925
3.36646270752
33.3664627075
63.3664627075
93.3664627075
123.366462708
60.9637565613
57.4744338989
30.9637565613
48.3664588928
27.4744338989
2.52556610107
29.0362434387
32.5255661011
59.0362434387
41.6335411072
62.5255661011
92.5255661011
63.3106460571
33.3106460571
3.31064510345
26.6893539429
56.6893539429
86.6893539429
34.6951522827
64.6951522827
124.695152283
154.695159912
24.7414665222
49.9958496094
5.25853347778
65.2585296631
40.0041503906
95.2585296631
88.626991272
58.6269950867
28.6269950867
1.373005867
31.3730049133
61.3730049133
121.21887207
91.2188720703
61.218875885
31.218875885
1.21887588501
28.781124115
36.0724601746
6.07246017456
23.9275398254
53.9275398254
83.9275360107
113.927536011
103.442932129
73.4429321289
43.4429283142
13.4429283142
16.5570716858
46.5570716858
111.027374268
51.0273742676
21.0273742676
38.9726257324
162.510437012
132.510437012
102.510444641
72.5104446411
42.5104446411
12.5104446411
69.8542785645
39.8542747498
9.8542766571
20.1457233429
50.1457252502
80.1457214355
66.1702575684
36.1702537537
6.17025470734
23.8297462463
53.8297462463
83.8297424316
116.130523682
86.1305236816
110.995986938
80.9959869385
26.1305274963
3.86947250366
20.9959869385
9.00401306152
75.0
45.0
15.0
15.0
45.0
75.0
11.3099327087
101.309936523
11.6466522217
41.6466522217
71.6466522217
101.646652222
131.646652222
161.646652222
161.300689697
131.300689697
101.300682068
71.3006820679
41.3006820679
11.3006820679
151.809387207
121.809387207
91.809387207
61.809387207
31.809387207
1.80938720703
32.2491149902
62.2491149902
122.24911499
152.24911499
53.4985656738
23.4985656738
6.50143432617
36.5014343262
66.5014343262
96.5014343262
8.80594062805
98.8059387207
52.1663475037
55.3461761475
22.1663475037
25.3461761475
7.83365249634
4.65382385254
37.8336524963
34.6538238525
67.8336486816
64.6538238525
97.8336486816
94.6538238525
78.3664627075
48.3664588928
18.3664608002
11.6335391998
41.6335411072
71.6335372925
96.8014068604
66.8014068604
36.8014068604
6.8014087677
23.1985912323
53.1985931396
90.4221572876
60.4221611023
30.4221611023
0.422160148621
29.5778388977
59.5778388977
78.0940551758
48.0940589905
18.0940589905
11.9059419632
41.9059410095
71.9059448242
75.0
45.0
15.0
15.0
45.0
75.0
21.8698959351
8.13010406494
68.1301040649
98.1301040649
126.709838867
96.7098388672
66.7098388672
36.7098350525
6.70983505249
23.2901649475
133.671310425
103.671310425
73.6713104248
43.6713104248
13.6713104248
16.3286895752
18.1113433838
28.6028213501
11.8886566162
1.3971786499
41.8886566162
31.3971786499
71.8886566162
61.3971786499
101.888656616
91.3971786499
131.888656616
121.39717865
163.09085083
103.090843201
73.0908432007
13.0908432007
137.592422485
107.592422485
77.5924224854
47.5924263
17.5924263
12.4075737
53.4985656738
23.4985656738
6.50143432617
36.5014343262
66.5014343262
96.5014343262
156.869903564
126.869895935
96.8698959351
66.8698959351
36.8698959351
6.86989593506
162.510437012
132.510437012
102.510444641
72.5104446411
42.5104446411
12.5104446411
143.198577881
113.19858551
83.1985855103
53.1985855103
23.1985855103
6.80141448975
136.26020813
106.26020813
76.2602081299
46.2602043152
16.2602043152
13.7397956848
131.385131836
101.385124207
71.3851242065
41.3851242065
11.3851242065
18.6148757935
120.725227356
90.725227356
60.725227356
30.725227356
0.725227355957
29.274772644
72.552947998
42.552947998
12.552947998
17.447052002
47.447052002
77.447052002
77.0978088379
47.0978126526
17.0978107452
12.9021883011
42.9021873474
72.9021911621
53.7421646118
23.7421627045
6.25783729553
36.2578353882
66.2578353882
96.2578353882
19.0107650757
49.0107650757
109.010765076
139.010772705
123.323959351
93.3239593506
63.3239593506
33.3239593506
3.32395935059
26.6760406494
10.9892349243
19.0107650757
49.0107650757
79.0107650757
109.010765076
139.010772705
145.144775391
115.14478302
85.14478302
55.14478302
25.14478302
4.85521697998
8.3267364502
38.3267364502
68.3267364502
98.3267364502
128.32673645
158.32673645
155.643280029
125.643287659
95.6432876587
65.6432876587
35.6432876587
5.64328765869
35.2061767578
65.2061767578
125.206176758
155.206176758
159.289398193
129.289398193
99.2894058228
69.2894058228
39.2894058228
9.28940582275
16.240776062
46.240776062
106.240776062
136.240783691
26.2871780396
3.71282196045
33.7128219604
63.7128219604
93.7128219604
123.71282196
6.08812713623
36.0881271362
66.0881271362
96.0881271362
126.088127136
156.088134766
108.937446594
18.9374465942
134.090133667
104.090133667
74.090133667
44.0901374817
14.0901374817
15.9098625183
103.474205017
73.4742050171
13.4742050171
16.5257949829
79.9363708496
49.9363708496
19.9363708496
10.0636291504
40.0636291504
70.0636291504
77.6785430908
47.6785392761
17.6785411835
12.3214588165
42.3214607239
72.3214569092
77.6785430908
47.6785392761
17.6785411835
12.3214588165
42.3214607239
72.3214569092
138.434951782
108.434951782
78.4349517822
48.4349517822
18.4349517822
11.5650482178
133.73626709
103.73626709
73.7362670898
43.7362632751
13.7362632751
16.2637367249
135.751174927
105.751174927
75.7511749268
45.7511711121
15.7511711121
14.2488288879
163.025054932
133.025054932
103.025062561
73.025062561
43.025062561
13.025062561
162.797393799
132.797393799
102.797401428
72.7974014282
42.7974014282
12.7974014282
158.659805298
128.659805298
98.6598052979
68.6598052979
38.6598052979
8.65980529785
9.89783477783
39.8978347778
69.8978347778
99.8978347778
129.897827148
159.897827148
8.02833557129
38.0283355713
68.0283355713
98.0283355713
128.028335571
158.028335571
3.94853973389
33.9485397339
63.9485397339
93.9485397339
123.948539734
153.948547363
41.8886566162
11.8886566162
18.1113433838
48.1113433838
78.1113433838
108.111343384
66.8698959351
36.8698959351
6.86989688873
23.1301040649
53.1301040649
83.1301040649
58.0724868774
28.0724887848
1.92751121521
31.9275112152
61.9275131226
91.9275131226
81.7098388672
8.29016304016
72.3974380493
42.3974380493
12.3974380493
17.6025619507
47.6025619507
77.6025619507
64.2156982422
34.2157020569
4.21570205688
25.7842979431
55.7842979431
85.7843017578
30.0
0.0
30.0
60.0
90.0
120.0
30.0
0.0
30.0
60.0
90.0
120.0
28.1523933411
1.84760665894
31.8476066589
61.8476066589
91.8476104736
121.847610474
81.0090026855
78.0127868652
51.0090065002
48.0127868652
21.0090065002
18.0127868652
8.99099349976
11.9872131348
38.9909934998
41.9872131348
68.9909973145
71.9872131348
110.53767395
80.5376739502
50.5376777649
20.5376777649
9.46232223511
39.4623222351
116.633544922
86.6335449219
56.6335411072
26.6335411072
3.36645889282
33.3664588928
109.992019653
79.9920196533
49.9920196533
19.9920196533
10.0079803467
40.0079803467
83.1301040649
81.1155014038
53.1301040649
51.1155052185
23.1301040649
21.1155033112
6.86989688873
8.88449668884
36.8698959351
38.8844947815
66.8698959351
68.8844985962
70.6012954712
40.6012954712
10.6012954712
19.3987045288
49.3987045288
79.3987045288
16.2637367249
13.7362632751
43.7362632751
73.7362670898
103.73626709
133.73626709
11.5650482178
18.4349517822
48.4349517822
78.4349517822
108.434951782
138.434951782
14.7448768616
45.2551231384
75.2551269531
135.255126953
15.7511711121
45.7511711121
105.751174927
135.751174927
12.5528106689
47.4471893311
77.4471893311
137.447189331
11.5650482178
18.4349517822
48.4349517822
78.4349517822
108.434951782
138.434951782
16.3286895752
13.6713104248
43.6713104248
73.6713104248
103.671310425
133.671310425
153.231719971
123.231712341
93.2317123413
63.2317123413
33.2317123413
3.23171234131
159.559661865
129.559661865
99.5596618652
69.5596618652
39.5596618652
9.55966186523
4.33403015137
85.6659698486
92.164894104
62.164894104
32.164894104
2.16489219666
27.8351078033
57.835105896
89.1576461792
59.1576423645
29.1576423645
0.842356681824
30.8423576355
60.8423576355
163.491210938
133.491210938
103.491210938
73.4912109375
43.4912109375
13.4912109375
28.8891372681
1.11086273193
31.1108627319
61.1108627319
91.1108627319
121.110862732
96.9447784424
66.9447784424
36.9447784424
6.94477653503
23.055223465
53.0552215576
116.472396851
86.4723968506
56.4724006653
26.4724006653
3.52759933472
33.5275993347
163.04447937
133.04447937
103.04447937
73.0444793701
43.0444793701
13.0444793701
10.6069946289
40.6069946289
70.6069946289
100.606994629
130.606994629
160.606994629
104.744880676
74.7448806763
44.7448806763
14.7448825836
15.2551174164
45.2551193237
83.6156463623
93.4349517822
53.6156463623
63.4349479675
23.6156482697
33.4349479675
6.38435173035
3.43494796753
36.3843536377
26.5650520325
66.3843536377
56.5650520325
63.3106307983
33.3106307983
3.31063175201
26.6893692017
56.6893692017
86.6893692017
136.504364014
127.52381897
106.504364014
97.5238189697
76.5043640137
67.5238189697
46.504360199
37.5238227844
16.504360199
7.52382278442
13.495639801
22.4761772156
124.800460815
94.8004608154
64.8004608154
34.8004570007
4.80045700073
25.1995429993
10.1881866455
3.45747375488
19.8118133545
26.5425262451
49.8118133545
56.5425262451
79.8118133545
86.5425262451
109.811813354
116.542526245
139.811813354
146.542526245
5.90972137451
35.9097213745
65.9097213745
95.9097213745
125.909721375
155.909729004
33.1798324585
56.8201675415
43.413192749
13.413192749
16.586807251
46.586807251
76.586807251
106.586807251
41.8938980103
11.8938980103
18.1061019897
48.1061019897
78.1061019897
108.10610199
121.39717865
91.3971786499
61.3971786499
31.3971786499
1.3971786499
28.6028213501
59.9315109253
29.9315109253
0.0684881210327
30.0684890747
60.0684890747
90.0684890747
131.888656616
101.888656616
71.8886566162
41.8886566162
11.8886566162
18.1113433838
13.0908432007
43.0908432007
73.0908432007
103.090843201
133.09085083
163.09085083
141.25050354
111.25050354
81.25050354
51.25050354
21.25050354
8.74949645996
125.440338135
95.4403381348
65.4403381348
35.4403343201
5.44033432007
24.5596656799
114.80557251
84.8055725098
54.8055686951
24.8055686951
5.19443130493
35.1944313049
59.3577537537
29.3577537537
0.642246246338
30.6422462463
60.6422462463
90.6422424316
150.963745117
120.963752747
90.9637527466
60.9637527466
30.9637527466
0.963752746582
160.48600769
100.48600769
70.4860076904
10.4860076904
155.788970947
125.788970947
95.7889709473
65.7889709473
35.7889709473
5.78897094727
23.8387451172
53.8387451172
113.838745117
143.838745117
90.5653381348
0.565338134766
51.5713119507
21.5713100433
8.42868995667
38.4286880493
68.4286880493
98.4286880493
89.0546035767
0.94539642334
75.0
45.0
15.0
15.0
45.0
75.0
161.749908447
131.749908447
101.749908447
71.7499084473
41.7499084473
11.7499084473
63.6370277405
33.6370277405
3.6370267868
26.3629722595
56.3629722595
86.3629760742
59.875995636
29.875995636
0.124005317688
30.124004364
60.124004364
90.1240081787
153.310638428
123.310630798
93.3106307983
63.3106307983
33.3106307983
3.31063079834
54.0858154297
24.0858154297
5.91418457031
35.9141845703
65.9141845703
95.9141845703
19.1323661804
10.8676338196
40.8676338196
70.8676300049
100.867630005
130.867630005
29.3577575684
59.3577575684
119.357757568
149.357757568
40.1147994995
10.1147994995
49.8852005005
79.8852005005
75.0
45.0
15.0
15.0
45.0
75.0
39.1481666565
9.14816665649
20.8518333435
50.8518333435
80.8518371582
110.851837158
6.44773864746
23.5522613525
53.5522613525
83.5522613525
113.552261353
143.552261353
15.0
45.0
75.0
105.0
135.0
165.0
11.1285552979
41.1285552979
71.1285552979
101.128555298
131.128555298
161.128555298
8.6014175415
38.6014175415
68.6014175415
98.6014175415
128.601409912
158.601409912
94.6335983276
64.6335983276
34.6335983276
4.63359642029
25.3664035797
55.3664016724
13.0048522949
16.9951477051
46.9951477051
76.9951477051
106.995147705
136.995147705
32.1067657471
62.1067657471
122.106765747
152.106765747
75.0
45.0
15.0
15.0
45.0
75.0
145.820983887
115.820991516
85.8209915161
55.8209915161
25.8209915161
4.17900848389
4.98310852051
25.0168914795
55.0168914795
85.0168914795
115.016891479
145.016891479
100.906509399
70.9065093994
40.9065093994
10.9065074921
19.0934925079
49.0934906006
156.634124756
126.634117126
96.6341171265
66.6341171265
36.6341171265
6.63411712646
85.4914779663
55.4914779663
4.50852298737
34.5085220337
24.8055686951
5.19443130493
65.1944274902
95.1944274902
152.524291992
122.524291992
92.5242919922
62.5242919922
32.5242919922
2.52429199219
51.5440597534
21.5440578461
8.45594215393
38.4559402466
68.4559402466
98.4559402466
150.731552124
120.731552124
90.731552124
60.731552124
30.731552124
0.731552124023
41.3099327087
11.3099327087
18.6900672913
48.6900672913
78.6900634766
108.690063477
86.3099365234
56.3099327087
3.69006729126
33.6900672913
52.7509765625
22.7509765625
7.2490234375
37.2490234375
67.2490234375
97.2490234375
102.758544922
72.7585449219
42.7585411072
12.7585411072
17.2414588928
47.2414588928
121.974937439
91.974937439
61.974937439
31.974937439
1.97493743896
28.025062561
160.030258179
130.030258179
100.030258179
70.0302581787
40.0302581787
10.0302581787
3.69007110596
33.690071106
63.690071106
93.690071106
123.690071106
153.690063477
158.373733521
128.373733521
98.3737335205
68.3737335205
38.3737335205
8.37373352051
63.6624526978
33.6624526978
3.66245269775
26.3375473022
56.3375473022
86.3375473022
65.8873291016
35.8873252869
24.1126747131
54.1126747131
113.399261475
83.3992614746
53.3992614746
23.3992614746
6.60073852539
36.6007385254
7.99659729004
37.99659729
67.99659729
97.99659729
127.99659729
157.99659729
70.9245605469
160.924560547
7.16635131836
22.8336486816
52.8336486816
82.8336486816
112.833648682
142.833648682
60.9637565613
30.9637565613
0.963757514954
29.0362434387
59.0362434387
89.036239624
123.366462708
93.3664627075
63.3664627075
33.3664627075
3.36646270752
26.6335372925
