0.0638370513916
0.0410549640656
0.0496740341187
0.0535590648651
0.0722200870514
0.0470111370087
0.0684990882874
0.0598540306091
0.065957069397
0.0575449466705
0.0585329532623
0.0724420547485
0.0534110069275
0.0777909755707
0.0994238853455
0.0620110034943
0.054398059845
0.0417468547821
0.0573608875275
0.0533330440521
0.0850591659546
0.0445997714996
0.0522308349609
0.0648319721222
0.0736291408539
0.0540030002594
0.0537259578705
0.0484437942505
0.0904171466827
0.0772309303284
0.0499949455261
0.0545439720154
0.054612159729
0.0641570091248
0.105527877808
0.0480861663818
0.0783090591431
0.0541799068451
0.052787065506
0.057324886322
0.0551941394806
0.0484540462494
0.0595021247864
0.0559639930725
0.0565838813782
0.0749680995941
0.0538070201874
0.0510990619659
0.0564789772034
0.0697948932648
0.0511329174042
0.0516240596771
0.0488049983978
0.0525660514832
0.03848695755
0.0562701225281
0.0693109035492
0.0569021701813
0.0537190437317
0.064964056015
0.0547158718109
0.0623369216919
0.0497369766235
0.0653650760651
0.0451641082764
0.0566399097443
0.0524969100952
0.0526349544525
0.0463778972626
0.0565710067749
0.0728490352631
0.066869020462
