0.000111103057861
8.6784362793e-05
6.60419464111e-05
7.39097595215e-05
7.29560852051e-05
9.89437103271e-05
6.69956207275e-05
6.69956207275e-05
6.79492950439e-05
6.60419464111e-05
6.69956207275e-05
6.69956207275e-05
7.79628753662e-05
6.69956207275e-05
6.69956207275e-05
6.91413879395e-05
6.60419464111e-05
6.5803527832e-05
6.69956207275e-05
6.69956207275e-05
6.69956207275e-05
6.79492950439e-05
6.69956207275e-05
6.79492950439e-05
6.79492950439e-05
0.000102996826172
6.60419464111e-05
6.60419464111e-05
6.79492950439e-05
6.69956207275e-05
6.69956207275e-05
9.29832458496e-05
6.69956207275e-05
6.72340393066e-05
6.69956207275e-05
8.70227813721e-05
6.8187713623e-05
6.79492950439e-05
6.60419464111e-05
6.69956207275e-05
6.89029693604e-05
6.5803527832e-05
6.79492950439e-05
6.60419464111e-05
6.79492950439e-05
6.79492950439e-05
6.5803527832e-05
6.69956207275e-05
6.79492950439e-05
6.69956207275e-05
6.89029693604e-05
6.60419464111e-05
6.79492950439e-05
6.69956207275e-05
6.60419464111e-05
6.69956207275e-05
6.79492950439e-05
6.69956207275e-05
6.8187713623e-05
6.79492950439e-05
6.69956207275e-05
6.60419464111e-05
6.69956207275e-05
6.8187713623e-05
7.70092010498e-05
6.69956207275e-05
6.5803527832e-05
7.00950622559e-05
6.60419464111e-05
6.69956207275e-05
6.69956207275e-05
6.89029693604e-05
6.79492950439e-05
6.69956207275e-05
6.98566436768e-05
6.79492950439e-05
6.8187713623e-05
6.48498535156e-05
6.69956207275e-05
7.00950622559e-05
6.69956207275e-05
6.60419464111e-05
6.60419464111e-05
7.39097595215e-05
6.79492950439e-05
6.79492950439e-05
7.60555267334e-05
6.50882720947e-05
6.69956207275e-05
