0.101978063583
0.0722110271454
0.0800189971924
0.0540690422058
0.0708909034729
0.0988101959229
0.074746131897
0.0675640106201
0.0952069759369
0.096018075943
0.0778269767761
0.0683290958405
0.0537509918213
0.0679590702057
0.04603099823
0.0728440284729
0.0642518997192
0.09921002388
0.0719661712646
0.0759530067444
0.0616600513458
0.0826458930969
0.0739650726318
0.0947868824005
0.069629907608
0.0609838962555
0.0867350101471
0.0599689483643
0.073518037796
0.0824530124664
0.0669929981232
0.0670959949493
0.124300003052
0.0753600597382
0.0600490570068
0.0844511985779
0.0551300048828
0.0597810745239
0.087012052536
0.0730857849121
0.0830891132355
0.0712289810181
0.0756950378418
0.0623099803925
0.066920042038
0.066948890686
0.0781280994415
0.109622955322
0.0804219245911
0.0667428970337
0.0955009460449
0.0821220874786
0.060163974762
0.0842897891998
0.0726089477539
0.0820209980011
0.0832300186157
0.0533239841461
0.0702891349792
0.0920581817627
0.0803627967834
0.130121946335
0.0740349292755
0.0600349903107
0.0635318756104
0.113647937775
0.0822730064392
0.0678100585938
0.106490850449
0.0868780612946
0.0583388805389
0.100407838821
0.0700380802155
0.076014995575
0.0731201171875
0.0693199634552
0.0707080364227
0.0846028327942
0.0689210891724
0.0680150985718
0.0468981266022
0.066465139389
0.101031064987
0.0666530132294
0.0702760219574
0.0842459201813
0.0642747879028
0.0842750072479
0.0626659393311
