0.000158071517944
6.48498535156e-05
6.48498535156e-05
6.50882720947e-05
6.48498535156e-05
6.50882720947e-05
6.60419464111e-05
6.48498535156e-05
6.48498535156e-05
6.98566436768e-05
6.41345977783e-05
6.41345977783e-05
6.50882720947e-05
6.48498535156e-05
6.48498535156e-05
6.50882720947e-05
6.60419464111e-05
6.5803527832e-05
6.41345977783e-05
6.50882720947e-05
6.60419464111e-05
6.41345977783e-05
6.50882720947e-05
6.50882720947e-05
6.50882720947e-05
6.48498535156e-05
6.38961791992e-05
6.60419464111e-05
6.38961791992e-05
6.41345977783e-05
6.60419464111e-05
6.50882720947e-05
6.60419464111e-05
6.48498535156e-05
6.41345977783e-05
6.48498535156e-05
6.38961791992e-05
6.38961791992e-05
6.60419464111e-05
6.41345977783e-05
6.41345977783e-05
6.38961791992e-05
6.41345977783e-05
6.69956207275e-05
6.41345977783e-05
6.41345977783e-05
6.60419464111e-05
6.50882720947e-05
6.48498535156e-05
6.38961791992e-05
6.50882720947e-05
6.41345977783e-05
6.41345977783e-05
6.38961791992e-05
6.48498535156e-05
6.60419464111e-05
6.48498535156e-05
6.60419464111e-05
6.50882720947e-05
6.38961791992e-05
6.38961791992e-05
6.60419464111e-05
6.69956207275e-05
6.48498535156e-05
6.48498535156e-05
6.50882720947e-05
6.48498535156e-05
6.60419464111e-05
6.60419464111e-05
6.50882720947e-05
6.48498535156e-05
6.38961791992e-05
6.50882720947e-05
6.50882720947e-05
6.48498535156e-05
6.38961791992e-05
6.48498535156e-05
6.38961791992e-05
6.38961791992e-05
6.29425048828e-05
6.50882720947e-05
6.50882720947e-05
6.50882720947e-05
6.60419464111e-05
6.60419464111e-05
6.38961791992e-05
6.50882720947e-05
9.10758972168e-05
6.60419464111e-05
6.50882720947e-05
