21.1158065796
1.38419342041
23.8841934204
68.8841934204
91.3841934204
113.88419342
30.3835372925
7.88353729248
14.6164627075
37.1164627075
59.6164627075
82.1164627075
104.616462708
127.116462708
23.4451560974
0.945156097412
21.5548439026
44.0548439026
66.5548400879
89.0548400879
111.554840088
134.054840088
45.5182876587
135.518280029
8.15594482422
30.6559448242
53.1559448242
75.6559448242
98.1559448242
120.655944824
143.155944824
165.655944824
83.7924499512
61.2924499512
38.7924499512
16.2924499512
6.20754909515
28.7075500488
51.2075500488
73.7075500488
89.5343017578
67.0343017578
22.0342979431
0.465702056885
22.9657020569
67.9656982422
8.0701751709
30.5701751709
53.0701751709
75.5701751709
98.0701751709
120.570175171
143.070175171
165.570175171
38.9444274902
51.0555725098
85.8750152588
63.3750152588
40.8750152588
18.3750152588
4.12498378754
26.6249847412
49.1249847412
71.6249847412
33.0247802734
10.5247802734
11.9752197266
34.4752197266
56.9752197266
79.4752197266
101.975219727
124.475219727
33.2624588013
10.7624588013
11.7375411987
34.2375411987
56.7375411987
79.2375411987
101.737541199
124.237541199
5.87548828125
28.3754882812
50.8754882812
73.3754882812
95.8754882812
118.375488281
140.875488281
163.375488281
119.448776245
96.9487762451
29.4487762451
6.94877624512
131.925231934
109.425231934
86.9252319336
41.9252319336
19.4252319336
3.07476806641
47.5316085815
25.0316104889
2.53161048889
19.9683895111
42.4683914185
64.9683914185
87.4683914185
109.968391418
100.299026489
77.7990264893
55.2990264893
10.2990245819
12.2009754181
34.7009735107
47.3543319702
24.8543300629
2.35433006287
20.1456699371
42.6456680298
65.1456680298
87.6456680298
110.14566803
73.8509063721
51.3509063721
28.8509063721
6.35090732574
16.1490936279
38.6490936279
61.1490936279
83.6490936279
69.0224227905
46.5224227905
24.0224227905
1.52242183685
20.9775772095
43.4775772095
65.9775772095
88.4775772095
4.4072265625
26.9072265625
49.4072265625
71.9072265625
94.4072265625
116.907226562
139.407226562
161.907226562
6.48635864258
28.9863586426
51.4863586426
73.9863586426
96.4863586426
118.986358643
141.486358643
163.986358643
52.979511261
30.479511261
37.020488739
59.520488739
56.270565033
33.770565033
11.270565033
11.229434967
33.729434967
56.229434967
78.7294311523
101.229431152
80.724937439
58.2249336243
35.7249336243
13.2249336243
9.27506637573
31.7750663757
54.2750663757
76.775062561
136.554260254
114.054260254
91.5542602539
69.0542602539
46.5542640686
24.0542640686
1.5542640686
20.9457359314
151.099884033
128.599884033
106.099876404
61.0998764038
38.5998764038
16.0998764038
22.4400672913
0.0599327087402
22.5599327087
45.0599327087
67.5599365234
90.0599365234
112.559936523
135.059936523
7.18494415283
15.3150558472
37.8150558472
60.3150558472
82.8150558472
105.315055847
127.815055847
150.315063477
5.30706787109
17.1929321289
84.6929321289
107.192932129
4.33876800537
26.8387680054
49.3387680054
71.8387680054
94.3387680054
116.838768005
139.338775635
161.838775635
9.91125488281
12.5887451172
35.0887451172
57.5887451172
80.0887451172
102.588745117
125.088745117
147.588745117
140.92590332
118.42590332
95.9259033203
73.4259033203
50.925907135
28.425907135
5.92590713501
16.574092865
54.9440612793
32.4440612793
9.94405937195
12.5559406281
35.0559387207
57.5559387207
80.0559387207
102.555938721
63.625995636
41.125995636
18.625995636
12.1786899567
3.87400531769
26.374004364
48.874004364
71.3740081787
102.178688049
93.8740081787
67.7090606689
22.7090606689
0.209059715271
22.2909393311
67.2909393311
89.7909393311
62.5854988098
40.0854988098
17.5854988098
4.91450119019
27.4145011902
49.9145011902
72.4145050049
94.9145050049
98.0848007202
75.5848007202
53.0848007202
30.5848007202
8.08480072021
14.4151992798
36.9151992798
59.4151992798
8.24279785156
30.7427978516
53.2427978516
75.7427978516
98.2427978516
120.742797852
143.242797852
165.742797852
141.488052368
118.988052368
51.4880523682
28.9880523682
70.1343536377
47.6343536377
25.1343517303
2.63435173035
19.8656482697
42.3656463623
64.8656463623
87.3656463623
67.7309112549
45.2309074402
22.7309074402
0.230907440186
22.2690925598
44.7690925598
67.2690887451
89.7690887451
49.5525169373
27.0525169373
4.55251693726
17.9474830627
40.4474830627
62.9474830627
85.447479248
107.947479248
56.3698654175
33.8698654175
11.3698654175
11.1301345825
33.6301345825
56.1301345825
78.6301345825
101.130134583
141.450424194
118.950424194
96.4504241943
73.9504241943
51.450428009
28.950428009
6.45042800903
16.049571991
143.760437012
53.7604446411
38.9444313049
16.4444313049
6.05556869507
28.5555686951
51.0555686951
73.5555725098
96.0555725098
118.55557251
69.2876739502
24.2876777649
1.78767776489
20.7123222351
65.7123260498
88.2123260498
123.75
101.25
78.75
56.25
33.75
11.25
11.25
33.75
9.40238952637
31.9023895264
54.4023895264
76.9023895264
99.4023895264
121.902389526
144.402389526
166.902389526
88.525642395
1.47435760498
87.1769714355
64.6769714355
42.1769676208
19.6769676208
2.82303142548
25.3230323792
47.8230323792
70.3230285645
86.5151672363
64.0151672363
41.5151672363
19.0151672363
3.48483371735
25.9848327637
48.4848327637
70.9848327637
83.9444274902
61.4444274902
38.9444274902
16.4444274902
6.05557155609
28.5555725098
51.0555725098
73.5555725098
82.2182312012
59.7182312012
37.2182312012
14.7182292938
7.78177070618
30.2817707062
52.7817687988
75.2817687988
104.941383362
82.4413833618
14.9413833618
7.55861663818
157.440063477
134.940063477
112.440071106
89.940071106
67.440071106
44.940071106
22.440071106
0.059928894043
8.84523010254
13.6547698975
81.1547698975
103.654769897
149.724395752
127.224395752
104.724395752
82.224395752
59.724395752
37.224395752
14.724395752
7.77560424805
65.5094833374
43.0094795227
20.5094795227
1.99051952362
24.4905204773
46.9905204773
69.4905166626
91.9905166626
114.777374268
92.2773742676
69.7773742676
24.7773742676
2.27737426758
20.2226257324
166.775054932
144.275054932
121.775062561
99.275062561
76.775062561
54.275062561
31.775062561
9.27506256104
168.75
146.25
123.75
101.25
78.75
56.25
33.75
11.25
140.139541626
117.639541626
95.139541626
72.639541626
50.139541626
27.639541626
5.13954162598
17.360458374
140.01020813
117.51020813
95.0102081299
72.5102081299
50.0102043152
27.5102043152
5.01020431519
17.4897956848
0.945152282715
23.4451522827
45.9451522827
68.4451522827
90.9451522827
113.445152283
135.945159912
158.445159912
134.463119507
111.963119507
89.4631195068
66.9631195068
44.4631233215
21.9631233215
0.536876678467
23.0368766785
19.7137527466
2.78624725342
25.2862472534
47.7862472534
70.2862472534
92.7862472534
115.286247253
137.786254883
121.459381104
98.9593811035
76.4593811035
53.9593849182
31.4593849182
8.95938491821
13.5406150818
36.0406150818
98.7331085205
76.2331085205
8.73310661316
13.7668933868
30.3835372925
7.88353729248
14.6164627075
37.1164627075
59.6164627075
82.1164627075
104.616462708
127.116462708
51.3424263
28.8424263
6.34242630005
16.1575737
38.6575737
61.1575737
83.6575775146
106.157577515
76.4593887329
53.9593887329
31.4593906403
8.95939064026
13.5406093597
36.0406112671
58.5406112671
81.0406112671
57.3022613525
34.8022613525
12.3022632599
10.1977367401
32.6977386475
55.1977386475
77.6977386475
100.197738647
17.360458374
5.13954162598
27.639541626
50.139541626
72.639541626
95.139541626
117.639541626
140.139541626
127.740913391
105.240913391
82.7409133911
60.2409133911
37.7409133911
15.2409133911
7.25908660889
29.7590866089
145.817901611
123.317901611
100.817901611
78.3179016113
55.8179016113
33.3179016113
10.8179016113
11.6820983887
12.7124938965
9.78750610352
32.2875061035
54.7875061035
77.2875061035
99.7875061035
122.287506104
144.787506104
64.6715087891
42.1715087891
19.6715087891
2.82849025726
25.3284912109
47.8284912109
70.3284912109
92.8284912109
70.9607620239
48.4607658386
25.9607639313
19.0392360687
41.5392341614
64.0392379761
8.8715057373
31.3715057373
53.8715057373
76.3715057373
98.8715057373
121.371505737
143.871505737
166.371505737
16.4347038269
6.0652961731
28.5652961731
51.0652961731
73.5652923584
96.0652923584
118.565292358
141.065292358
6.10400390625
28.6040039062
96.1040039062
118.604003906
151.378814697
128.878814697
106.378807068
83.8788070679
61.3788070679
38.8788070679
16.3788070679
6.12119293213
108.338928223
85.8389282227
63.3389282227
40.8389282227
18.3389263153
4.16107368469
26.6610736847
49.1610717773
162.168060303
139.668060303
117.168052673
94.6680526733
72.1680526733
49.6680526733
27.1680526733
4.66805267334
25.2114562988
2.71145629883
19.7885437012
42.2885437012
64.7885437012
87.2885437012
109.788543701
132.288543701
11.3776855469
11.1223144531
33.6223144531
56.1223144531
78.6223144531
101.122314453
123.622314453
146.122314453
102.176040649
79.6760406494
57.1760406494
34.6760406494
12.1760387421
10.3239612579
32.8239593506
55.3239593506
129.645355225
107.145362854
84.645362854
62.145362854
39.645362854
17.145362854
5.354637146
27.854637146
2.00388717651
87.9961090088
1.78767776489
91.7876739502
82.4123001099
59.9123039246
37.4123039246
14.9123039246
7.58769607544
30.0876960754
52.5876960754
75.0876998901
6.35569858551
83.6443023682
90.7585220337
0.758522033691
82.7773742676
60.2773780823
37.7773780823
15.2773771286
7.2226228714
29.7226219177
52.2226219177
74.7226257324
87.3296432495
64.8296432495
42.3296432495
19.8296413422
2.67035865784
25.1703586578
47.6703567505
70.1703567505
121.312896729
98.8128967285
76.3128967285
53.8129005432
31.3129005432
8.81290054321
13.6870994568
36.1870994568
56.1301383972
33.6301383972
11.1301383972
11.3698616028
33.8698616028
56.3698616028
78.8698577881
101.369857788
71.1125946045
48.6125946045
39.3943405151
26.1125946045
28.072019577
3.61259365082
18.8874053955
41.3874053955
50.6056594849
63.8874053955
61.9279823303
86.3874053955
7.67366790771
30.1736679077
52.6736679077
75.1736679077
97.6736679077
120.173667908
142.673675537
165.173675537
3.94423675537
26.4442367554
48.9442367554
71.4442367554
93.9442367554
116.444236755
138.944244385
161.444244385
6.75415039062
83.2458496094
120.24646759
97.7464675903
75.2464675903
52.7464675903
30.2464675903
7.74646759033
14.7535324097
37.2535324097
5.80966186523
28.3096618652
73.3096618652
95.8096618652
118.309661865
163.309661865
74.3044586182
51.8044586182
29.3044567108
6.80445718765
15.6955432892
38.1955413818
60.6955413818
83.1955413818
75.1910095215
7.69100856781
14.8089914322
82.3089904785
165.88760376
143.38760376
120.88759613
98.3875961304
75.8875961304
53.3875961304
30.8875961304
8.38759613037
161.318588257
138.818588257
116.318588257
93.8185882568
71.3185882568
48.8185882568
26.3185882568
3.81858825684
159.287689209
136.787689209
114.28768158
91.7876815796
69.2876815796
46.7876815796
24.2876815796
1.78768157959
165.479522705
97.9795150757
75.4795150757
7.97951507568
12.7124938965
9.78750610352
32.2875061035
54.7875061035
77.2875061035
99.7875061035
122.287506104
144.787506104
13.7668914795
36.2668914795
58.7668914795
103.766891479
126.266891479
148.766891479
7.92900848389
37.0709915161
59.5709915161
82.0709915161
127.070991516
149.570983887
21.2211914062
43.7211914062
66.2211914062
111.221191406
133.721191406
156.221191406
8.38759613037
30.8875961304
53.3875961304
75.8875961304
98.3875961304
120.88759613
143.38760376
165.88760376
146.948577881
124.44858551
101.94858551
79.4485855103
56.9485855103
34.4485855103
11.9485855103
10.5514144897
30.5701675415
8.0701675415
14.4298324585
36.9298324585
59.4298324585
81.9298324585
104.429832458
126.929832458
147.89553833
125.39553833
102.89553833
80.3955383301
57.8955383301
35.3955383301
12.8955383301
9.60446166992
44.4631233215
21.9631233215
0.536876678467
23.0368766785
45.5368766785
68.0368804932
90.5368804932
113.036880493
98.2372131348
75.7372131348
53.2372093201
8.23720932007
14.2627906799
36.7627906799
59.6565093994
37.1565093994
14.6565093994
7.84349060059
30.3434906006
52.8434906006
75.3434906006
97.8434906006
68.8841934204
46.3841934204
23.8841934204
1.38419342041
21.1158065796
43.6158065796
66.1158065796
88.6158065796
76.0488739014
53.5488777161
31.0488777161
13.9511222839
36.4511222839
58.9511222839
115.134353638
92.6343536377
70.1343536377
47.634349823
25.134349823
2.634349823
19.865650177
42.365650177
43.7579803467
21.2579803467
1.24201965332
23.7420196533
46.2420196533
68.7420196533
91.2420196533
113.742019653
136.474365234
113.974357605
91.474357605
68.974357605
46.474357605
23.974357605
1.47435760498
21.025642395
25.6198959351
3.11989593506
19.3801040649
41.8801040649
64.3801040649
86.8801040649
109.380104065
131.880096436
151.822479248
129.322479248
106.822486877
84.3224868774
61.8224868774
39.3224868774
16.8224868774
5.67751312256
11.25
33.75
56.25
78.75
101.25
123.75
146.25
168.75
7.18494415283
15.3150558472
37.8150558472
60.3150558472
82.8150558472
105.315055847
127.815055847
150.315063477
67.4400634766
44.9400672913
22.4400672913
0.0599327087402
22.5599327087
45.0599327087
67.5599365234
90.0599365234
63.8185806274
41.3185806274
18.8185825348
3.68141746521
26.1814174652
48.6814193726
71.1814193726
93.6814193726
60.3150520325
71.2541427612
15.3150520325
26.2541427612
7.18494796753
3.75414228439
29.6849479675
18.7458572388
74.6849517822
63.7458572388
97.1849517822
86.2458572388
157.157821655
112.157821655
89.6578216553
67.1578216553
22.1578216553
0.342178344727
89.6578216553
0.342178344727
158.574493408
136.074493408
113.574485779
91.0744857788
68.5744857788
46.0744857788
23.5744857788
1.07448577881
143.190032959
120.690032959
98.190032959
75.690032959
53.190032959
30.690032959
8.19003295898
14.309967041
52.1849517822
29.6849517822
7.18495178223
15.3150482178
37.8150482178
60.3150482178
82.8150482178
105.315048218
56.8535270691
34.3535270691
11.8535270691
10.6464729309
33.1464729309
55.6464729309
78.1464691162
100.646469116
30.5701675415
8.0701675415
14.4298324585
36.9298324585
59.4298324585
81.9298324585
104.429832458
126.929832458
12.49949646
10.00050354
32.50050354
55.00050354
77.50050354
100.00050354
122.50050354
145.00050354
25.3550224304
64.6449813843
90.2464599609
0.246459960938
33.75
11.25
11.25
33.75
56.25
78.75
101.25
123.75
91.5542678833
69.0542678833
46.5542640686
24.0542640686
1.55426502228
20.9457359314
43.4457359314
65.9457321167
68.0368804932
45.5368766785
23.0368766785
0.536876678467
21.9631233215
44.4631233215
66.9631195068
89.4631195068
43.9852218628
46.0147781372
37.2535324097
14.7535324097
7.74646759033
30.2464675903
52.7464675903
75.2464675903
97.7464675903
120.24646759
16.7853012085
5.7146987915
28.2146987915
50.7146987915
73.2146987915
95.7146987915
118.214698792
140.714691162
93.8722686768
71.3722686768
48.8722686768
26.3722686768
3.87226772308
18.6277313232
41.1277313232
63.6277313232
48.9618606567
26.4618587494
41.0381393433
63.5381393433
92.5302276611
70.0302276611
47.5302276611
25.0302257538
2.53022575378
19.9697742462
42.4697723389
64.9697723389
22.4355735779
0.0644264221191
22.5644264221
67.5644226074
90.0644226074
112.564422607
2.75646972656
92.7564697266
40.0202102661
17.5202102661
4.97978973389
27.4797897339
49.9797897339
72.4797897339
94.9797897339
117.479789734
38.5000648499
16.0000648499
28.9999351501
51.4999351501
73.9999389648
118.999938965
145.669403076
123.169395447
100.669395447
78.1693954468
55.6693954468
33.1693954468
10.6693954468
11.8306045532
2.71923065186
25.2192306519
47.7192306519
70.2192306519
92.7192306519
115.219230652
137.719238281
160.219238281
24.0224227905
46.5224227905
69.0224227905
114.022422791
136.52243042
159.02243042
92.1424942017
69.6424942017
47.1424942017
24.642496109
2.14249610901
20.357503891
42.8575057983
65.3575057983
86.1814041138
63.6814079285
41.1814079285
18.6814079285
3.81859254837
26.3185920715
48.8185920715
71.3185958862
84.1903305054
61.6903305054
39.1903305054
16.6903324127
5.80966758728
28.3096675873
50.8096694946
73.3096694946
95.4492492676
72.9492492676
50.4492454529
27.9492454529
5.44924545288
17.0507545471
39.5507545471
62.0507545471
105.315048218
82.8150482178
60.3150482178
37.8150482178
15.3150482178
7.18495178223
29.6849517822
52.1849517822
97.1849517822
74.6849517822
52.1849479675
29.6849479675
7.18494796753
15.3150520325
37.8150520325
60.3150520325
54.7875137329
32.2875137329
9.78751182556
12.7124881744
35.2124862671
57.7124862671
80.2124862671
102.712486267
52.1849517822
7.18495178223
15.3150482178
37.8150482178
82.8150482178
105.315048218
59.4599533081
36.9599533081
14.4599552155
8.04004478455
30.5400447845
53.0400466919
75.5400466919
98.0400466919
52.1849517822
29.6849517822
37.8150482178
60.3150482178
69.0330581665
46.5330581665
24.0330581665
1.5330581665
20.9669418335
43.4669418335
65.9669418335
88.4669418335
60.7083435059
38.2083435059
15.7083415985
6.79165840149
29.2916584015
51.7916564941
74.2916564941
96.7916564941
59.1164093018
36.6164093018
14.1164093018
8.38359069824
30.8835906982
53.3835906982
75.8835906982
98.3835906982
1.53307437897
88.4669265747
153.107757568
130.607757568
108.107757568
85.6077575684
63.1077575684
40.6077575684
18.1077575684
4.39224243164
98.2866516113
75.7866516113
53.2866516113
30.7866535187
8.28665351868
14.2133464813
36.7133483887
59.2133483887
65.7553863525
43.2553863525
20.7553844452
1.74461555481
24.2446155548
46.7446136475
69.2446136475
91.7446136475
72.6344985962
50.1344947815
27.6344966888
5.13449621201
17.3655033112
39.8655052185
62.3655052185
84.8655014038
65.3575057983
42.8575057983
20.357503891
2.14249610901
24.642496109
47.1424942017
69.6424942017
92.1424942017
56.5009765625
34.0009765625
11.5009765625
10.9990234375
33.4990234375
55.9990234375
78.4990234375
100.999023438
71.3185958862
48.8185920715
26.3185920715
3.81859254837
18.6814079285
41.1814079285
63.6814079285
86.1814041138
73.3096694946
50.8096694946
28.3096675873
5.80966758728
16.6903324127
39.1903305054
61.6903305054
84.1903305054
58.9328460693
36.4328460693
13.9328479767
8.56715202332
31.0671520233
53.5671539307
76.0671539307
98.5671539307
60.7808532715
38.2808532715
15.7808551788
6.71914482117
29.2191448212
51.7191467285
74.2191467285
96.7191467285
115.371322632
92.8713226318
70.3713226318
47.8713226318
25.3713226318
2.87132263184
19.6286773682
42.1286773682
115.866851807
93.3668518066
70.8668518066
48.3668556213
25.8668556213
3.36685562134
19.1331443787
41.6331443787
109.277030945
86.7770309448
64.2770309448
41.7770309448
19.2770309448
3.22296905518
25.7229690552
48.2229690552
108.389450073
85.8894500732
63.3894500732
40.8894500732
18.3894500732
4.11054992676
26.6105499268
49.1105499268
110.509475708
88.009475708
65.509475708
43.0094795227
20.5094795227
1.99052047729
24.4905204773
46.9905204773
97.9290084839
75.4290084839
52.9290084839
30.4290084839
7.92900848389
14.5709915161
37.0709915161
59.5709915161
17.9988288879
4.50117111206
27.0011711121
49.5011711121
72.0011749268
94.5011749268
117.001174927
139.501174927
113.255905151
90.7559051514
68.2559051514
45.7559051514
23.2559051514
0.755905151367
21.7440948486
44.2440948486
78.75
56.25
33.75
11.25
11.25
33.75
56.25
78.75
129.512634277
107.012634277
84.5126342773
62.0126342773
39.5126342773
17.0126342773
5.48736572266
27.9873657227
151.027923584
128.527923584
61.0279312134
38.5279312134
7.85780334473
30.3578033447
52.8578033447
75.3578033447
97.8578033447
120.357803345
142.857803345
165.357803345
7.22400665283
15.2759933472
37.7759933472
60.2759933472
82.7759933472
105.275993347
127.775993347
150.276000977
2.36933898926
2.88411712646
24.8693389893
25.3841171265
47.3693389893
47.8841171265
69.8693389893
70.3841171265
92.3693389893
92.8841171265
114.869338989
115.384117126
137.369338989
137.884124756
159.869338989
160.384124756
168.75
146.25
123.75
101.25
78.75
56.25
33.75
11.25
166.547393799
144.047393799
121.547401428
99.0474014282
76.5474014282
54.0474014282
31.5474014282
9.04740142822
46.7446174622
24.2446174622
20.7553825378
43.2553825378
65.7553863525
110.755386353
164.935928345
142.435928345
119.935928345
97.4359283447
74.9359283447
52.4359283447
29.9359283447
7.43592834473
58.1939544678
35.6939544678
13.1939544678
9.30604553223
31.8060455322
54.3060455322
76.8060455322
99.3060455322
98.974861145
76.474861145
53.974861145
31.4748592377
8.97485923767
13.5251407623
36.025138855
58.525138855
3.81858825684
26.3185882568
48.8185882568
71.3185882568
93.8185882568
116.318588257
138.818588257
161.318588257
48.4935646057
25.9935646057
3.49356460571
19.0064353943
41.5064353943
64.006439209
86.506439209
109.006439209
48.4935646057
25.9935646057
3.49356460571
19.0064353943
41.5064353943
64.006439209
86.506439209
109.006439209
90.0599365234
67.5599365234
45.0599327087
22.5599327087
0.0599327087402
22.4400672913
44.9400672913
67.4400634766
154.713745117
132.213745117
109.713752747
87.2137527466
64.7137527466
42.2137527466
19.7137527466
2.78624725342
3.39669036865
25.8966903687
48.3966903687
70.8966903687
93.3966903687
115.896690369
138.396697998
160.896697998
8.86405944824
31.3640594482
53.8640594482
76.3640594482
98.8640594482
121.364059448
143.864059448
166.364059448
89.5343017578
22.0342979431
0.465702056885
67.9656982422
74.5136032104
52.0136032104
29.5136051178
7.0136051178
15.4863948822
37.9863967896
60.4863967896
82.9863967896
8.24714660645
14.2528533936
59.2528533936
81.7528533936
104.252853394
149.252853394
75.8143234253
53.31432724
30.81432724
8.31432628632
14.1856737137
36.68567276
59.18567276
81.6856765747
127.835617065
105.335617065
60.3356170654
37.8356170654
15.3356170654
29.6643829346
22.4400672913
0.0599327087402
22.5599327087
45.0599327087
67.5599365234
90.0599365234
112.559936523
135.059936523
26.4442367554
71.4442367554
116.444236755
161.444244385
0.950469970703
21.5495300293
44.0495300293
66.5495300293
89.0495300293
111.549530029
134.049530029
156.549530029
168.75
146.25
123.75
101.25
78.75
56.25
33.75
11.25
76.2139816284
53.7139816284
31.2139835358
8.71398353577
13.7860164642
36.2860183716
58.7860183716
81.2860183716
151.22442627
128.72442627
106.224433899
83.7244338989
61.2244338989
38.7244338989
16.2244338989
6.27556610107
32.6206207275
57.3793792725
154.713745117
132.213745117
64.7137527466
42.2137527466
3.2844543457
19.2155456543
41.7155456543
64.2155456543
86.7155456543
109.215545654
131.715545654
154.215545654
4.86071014404
94.860710144
69.1763153076
46.6763191223
24.1763191223
20.8236808777
43.3236808777
65.8236846924
166.960083008
144.460083008
121.960083008
11.25
99.4600830078
76.9600830078
54.4600830078
31.9600830078
78.75
9.46008300781
74.6643829346
25.6198959351
52.1643829346
3.11989593506
29.6643829346
19.3801040649
7.16438341141
41.8801040649
15.3356170654
64.3801040649
37.8356170654
86.8801040649
60.3356170654
109.380104065
82.8356170654
131.880096436
2.78624725342
19.7137527466
42.2137527466
64.7137527466
87.2137527466
109.713752747
132.213745117
154.713745117
5.34386444092
1.74462127686
27.8438644409
20.7553787231
50.3438644409
43.2553787231
72.8438644409
65.7553787231
95.3438644409
88.2553787231
117.843864441
110.755378723
140.34387207
133.255371094
162.84387207
155.755371094
166.547393799
144.047393799
121.547401428
99.0474014282
76.5474014282
54.0474014282
31.5474014282
9.04740142822
78.75
56.25
33.75
11.25
11.25
33.75
56.25
78.75
8.64743804932
31.1474380493
53.6474380493
76.1474380493
98.6474380493
121.147438049
143.64743042
166.14743042
33.75
11.25
11.25
33.75
56.25
78.75
101.25
123.75
157.915771484
135.415771484
112.915771484
90.4157714844
67.9157714844
45.4157714844
22.9157714844
0.415771484375
159.68862915
137.18862915
114.688621521
92.188621521
69.688621521
47.188621521
24.688621521
2.188621521
164.342163086
141.842163086
119.342163086
96.8421630859
74.3421630859
51.8421630859
29.3421630859
6.84216308594
153.748962402
131.248962402
108.748954773
86.2489547729
63.7489547729
41.2489547729
18.7489547729
3.75104522705
148.228851318
125.728851318
80.7288513184
58.2288513184
35.7288513184
9.27114868164
144.077148438
121.577140808
99.0771408081
76.5771408081
54.0771408081
31.5771408081
9.07714080811
13.4228591919
57.8955459595
35.3955459595
12.8955440521
9.60445594788
32.1044540405
54.6044540405
77.1044540405
99.6044540405
64.713760376
42.2137565613
19.7137565613
2.78624248505
25.2862434387
47.7862434387
70.286239624
92.786239624
81.1359405518
58.6359443665
36.1359443665
13.6359443665
8.86405563354
31.3640556335
53.8640556335
76.3640594482
94.6953964233
72.1953964233
49.6953964233
27.195394516
4.69539451599
17.804605484
40.3046035767
62.8046035767
83.9444274902
61.4444274902
38.9444274902
16.4444274902
6.05557155609
28.5555725098
51.0555725098
73.5555725098
87.1769714355
64.6769714355
42.1769676208
19.6769676208
2.82303142548
25.3230323792
47.8230323792
70.3230285645
4.12498474121
26.6249847412
49.1249847412
71.6249847412
94.1249847412
116.624984741
139.124984741
161.624984741
163.780258179
141.280258179
118.780258179
96.2802581787
73.7802581787
51.2802581787
28.7802581787
6.28025817871
146.130126953
56.1301345825
129.460601807
106.960594177
84.4605941772
61.9605941772
39.4605941772
16.9605941772
5.53940582275
28.0394058228
38.9444313049
16.4444313049
6.05556869507
28.5555686951
51.0555686951
73.5555725098
96.0555725098
118.55557251
96.4946746826
73.9946746826
51.4946708679
28.9946708679
6.49467086792
16.0053291321
38.5053291321
61.0053291321
73.5555725098
51.0555725098
28.5555725098
6.05557155609
16.4444274902
38.9444274902
61.4444274902
83.9444274902
121.775062561
99.275062561
76.775062561
54.275062561
31.775062561
9.27506256104
13.224937439
35.724937439
122.014297485
99.5142974854
77.0142974854
54.5142936707
32.0142936707
9.51429367065
12.9857063293
35.4857063293
29.1145362854
6.6145362854
15.8854637146
38.3854637146
60.8854637146
83.3854675293
105.885467529
128.385467529
143.040039062
120.540046692
98.0400466919
75.5400466919
53.0400466919
30.5400466919
8.04004669189
14.4599533081
5.01020050049
17.4897994995
39.9897994995
62.4897994995
84.9897994995
107.4897995
129.989807129
152.489807129
145.817901611
123.317901611
100.817901611
78.3179016113
55.8179016113
33.3179016113
10.8179016113
11.6820983887
144.306045532
121.806045532
99.3060455322
76.8060455322
54.3060455322
31.8060455322
9.30604553223
13.1939544678
9.12890625
31.62890625
54.12890625
76.62890625
99.12890625
121.62890625
144.12890625
166.62890625
73.7802581787
51.2802581787
49.4072265625
28.7802581787
26.9072265625
6.28025913239
16.2197418213
38.7197418213
40.5927734375
61.2197418213
63.0927734375
83.7197418213
83.9444274902
61.4444274902
38.9444274902
16.4444274902
6.05557155609
28.5555725098
51.0555725098
73.5555725098
70.6198959351
48.1198959351
25.6198959351
3.11989688873
19.3801040649
41.8801040649
64.3801040649
86.8801040649
86.8801040649
64.3801040649
41.8801040649
19.3801040649
3.11989688873
25.6198959351
48.1198959351
70.6198959351
14.5193252563
7.98067474365
30.4806747437
52.9806747437
75.4806747437
97.9806747437
120.480674744
142.980682373
5.44924926758
17.0507507324
39.5507507324
62.0507507324
84.5507507324
107.050750732
129.550750732
152.050750732
34.1405563354
56.6405563354
124.140556335
146.640563965
11.9485855103
101.94858551
11.6820983887
10.8179016113
33.3179016113
55.8179016113
78.3179016113
100.817901611
123.317901611
145.817901611
13.3735656738
9.12643432617
31.6264343262
54.1264343262
76.6264343262
99.1264343262
121.626434326
144.126434326
101.94859314
79.4485931396
56.948589325
34.448589325
11.948589325
10.551410675
33.051410675
55.551410675
107.998825073
85.4988250732
62.9988250732
40.4988250732
17.9988269806
4.50117301941
27.0011730194
49.5011749268
58.9088134766
36.4088134766
13.9088115692
8.59118843079
31.0911884308
53.5911865234
76.0911865234
98.5911865234
111.627220154
89.1272201538
66.6272201538
21.6272201538
0.872779846191
23.3727798462
166.204284668
143.704284668
121.204292297
98.7042922974
76.2042922974
53.7042922974
31.2042922974
8.70429229736
160.795440674
138.295440674
115.795440674
93.2954406738
70.7954406738
48.2954406738
25.7954406738
3.29544067383
165.251693726
142.751693726
120.251693726
97.7516937256
75.2516937256
52.7516937256
30.2516937256
7.75169372559
150.799835205
128.299835205
105.799827576
83.2998275757
60.7998275757
38.2998275757
15.7998275757
6.70017242432
92.5155258179
70.0155258179
47.5155258179
25.0155258179
2.51552581787
19.9844741821
42.4844741821
64.9844741821
165.659423828
143.159423828
120.659423828
98.1594238281
75.6594238281
53.1594238281
30.6594238281
8.15942382812
124.567153931
102.067153931
79.5671539307
57.067150116
34.567150116
12.067150116
10.432849884
32.932849884
23.1303443909
0.630344390869
21.8696556091
44.3696556091
66.8696594238
89.3696594238
111.869659424
134.369659424
112.559936523
90.0599365234
67.5599365234
22.5599327087
0.0599327087402
22.4400672913
1.78768157959
24.2876815796
46.7876815796
69.2876815796
91.7876815796
114.28768158
136.787689209
159.287689209
126.762786865
104.262786865
81.7627868652
59.2627906799
36.7627906799
14.2627906799
8.23720932007
30.7372093201
21.025642395
1.47435760498
23.974357605
46.474357605
68.974357605
91.474357605
113.974357605
136.474365234
10.0005111694
12.4994888306
34.9994888306
57.4994888306
79.9994888306
102.499488831
124.999488831
147.499481201
7.18494415283
15.3150558472
37.8150558472
60.3150558472
82.8150558472
105.315055847
127.815055847
150.315063477
104.096176147
81.5961761475
59.0961761475
36.5961761475
14.0961742401
8.40382575989
30.9038257599
53.4038238525
90.3271942139
0.32719039917
52.9290084839
30.4290103912
7.92901039124
14.5709896088
37.0709915161
59.5709915161
82.0709915161
104.570991516
118.55557251
96.0555725098
73.5555725098
51.0555686951
28.5555686951
6.05556869507
16.4444313049
38.9444313049
92.1424942017
69.6424942017
47.1424942017
24.642496109
2.14249610901
20.357503891
42.8575057983
65.3575057983
78.75
56.25
33.75
11.25
11.25
33.75
56.25
78.75
68.3447570801
45.8447570801
21.6552429199
44.1552429199
86.8801040649
64.3801040649
41.8801040649
19.3801040649
3.11989688873
25.6198959351
48.1198959351
70.6198959351
103.951118469
81.4511184692
58.9511184692
36.4511184692
13.9511203766
8.54887962341
31.0488796234
53.5488815308
92.786239624
70.286239624
47.7862434387
25.2862434387
2.78624248505
19.7137565613
42.2137565613
64.713760376
98.974861145
76.474861145
53.974861145
31.4748592377
8.97485923767
13.5251407623
36.025138855
58.525138855
101.94859314
79.4485931396
56.948589325
34.448589325
11.948589325
10.551410675
33.051410675
55.551410675
101.583648682
79.0836486816
56.5836524963
34.0836524963
11.5836524963
10.9163475037
33.4163475037
55.9163475037
78.75
56.25
33.75
11.25
11.25
33.75
56.25
78.75
51.4946708679
28.9946708679
6.49467086792
16.0053291321
38.5053291321
61.0053291321
83.5053253174
106.005325317
27.2037086487
17.7962913513
62.7962913513
107.796295166
4.4072265625
26.9072265625
49.4072265625
71.9072265625
94.4072265625
116.907226562
139.407226562
161.907226562
154.713745117
132.213745117
109.713752747
87.2137527466
64.7137527466
42.2137527466
19.7137527466
2.78624725342
136.278808594
113.778808594
91.2788085938
68.7788085938
46.2788085938
23.7788085938
1.27880859375
21.2211914062
77.2018432617
54.7018432617
32.2018432617
9.70184230804
12.798157692
35.2981567383
57.7981567383
80.2981567383
80.2188034058
75.0586166382
57.7187995911
52.5586128235
35.2187995911
30.0586147308
12.7188005447
7.558614254
9.78119945526
14.9413852692
32.2812004089
37.4413871765
54.7812004089
59.9413871765
77.2811965942
82.4413833618
27.0401649475
4.54016494751
17.9598350525
40.4598350525
62.9598350525
85.4598388672
107.959838867
130.459838867
131.880096436
109.380104065
86.8801040649
64.3801040649
41.8801040649
19.3801040649
3.11989593506
25.6198959351
125.14717865
102.64717865
80.1471786499
57.6471786499
35.1471786499
12.6471786499
9.8528213501
32.3528213501
20.0786895752
2.4213104248
24.9213104248
47.4213104248
69.9213104248
92.4213104248
114.921310425
137.421310425
7.99990844727
30.4999084473
52.9999084473
75.4999084473
97.9999084473
120.499908447
142.999908447
165.499908447
88.2123260498
65.7123260498
43.2123222351
20.7123222351
1.78767776489
24.2876777649
46.7876777649
69.2876739502
74.5136032104
52.0136032104
29.5136051178
7.0136051178
15.4863948822
37.9863967896
60.4863967896
82.9863967896
137.786254883
115.286247253
92.7862472534
70.2862472534
47.7862472534
25.2862472534
2.78624725342
19.7137527466
6.17039489746
96.1703948975
33.75
11.25
11.25
33.75
56.25
78.75
101.25
123.75
89.6355285645
67.1355285645
44.6355285645
22.1355266571
0.364473342896
22.8644733429
45.3644714355
67.8644714355
139.274108887
116.774108887
94.2741088867
71.7741088867
49.274105072
26.774105072
4.27410507202
18.225894928
7.43592834473
29.9359283447
52.4359283447
74.9359283447
97.4359283447
119.935928345
142.435928345
164.935928345
126.38583374
103.88583374
81.3858337402
58.8858375549
36.3858375549
13.8858375549
8.61416244507
31.1141624451
113.371170044
90.8711700439
68.3711700439
45.8711662292
23.3711662292
0.871166229248
21.6288337708
44.1288337708
101.710144043
79.210144043
56.7101402283
34.2101402283
11.7101402283
10.7898597717
33.2898597717
55.7898597717
67.0483703613
44.5483703613
22.048368454
0.451631546021
22.951631546
45.4516296387
67.9516296387
90.4516296387
50.1573181152
27.6573200226
39.8426818848
62.3426818848
157.819320679
135.319320679
112.819320679
90.3193206787
67.8193206787
45.3193206787
22.8193206787
0.319320678711
6.45028686523
28.9502868652
51.4502868652
73.9502868652
96.4502868652
118.950286865
141.450286865
163.950286865
30.7767562866
8.27675628662
14.2232437134
36.7232437134
59.2232437134
81.7232437134
104.223243713
126.723243713
134.039337158
111.539329529
89.0393295288
66.5393295288
44.0393295288
21.5393295288
0.960670471191
23.4606704712
102.107048035
79.6070480347
57.1070480347
34.6070480347
12.1070480347
10.3929519653
32.8929519653
55.3929519653
7.73516845703
30.235168457
52.735168457
75.235168457
97.735168457
120.235168457
142.735168457
165.235168457
5.14967346191
27.6496734619
50.1496734619
72.6496734619
95.1496734619
117.649673462
140.149673462
162.649673462
156.981719971
134.481719971
111.981712341
89.4817123413
66.9817123413
44.4817123413
21.9817123413
0.518287658691
93.2844543457
70.7844543457
48.2844543457
25.7844543457
3.2844543457
19.2155456543
41.7155456543
64.2155456543
33.75
11.25
11.25
33.75
56.25
78.75
101.25
123.75
83.7197418213
74.1760787964
51.6760787964
29.1760787964
16.2197418213
6.67607879639
6.28025913239
15.8239212036
38.3239212036
60.8239212036
73.7802581787
83.3239212036
115.619895935
93.1198959351
70.6198959351
25.6198959351
3.11989593506
19.3801040649
49.5011749268
27.0011730194
4.50117301941
17.9988269806
40.4988250732
62.9988250732
85.4988250732
107.998825073
91.7446136475
69.2446136475
46.7446136475
24.2446155548
1.74461555481
20.7553844452
43.2553863525
65.7553863525
96.6779174805
74.1779174805
51.6779174805
29.1779193878
6.67791938782
15.8220806122
38.3220825195
60.8220825195
91.7446136475
69.2446136475
46.7446136475
24.2446155548
1.74461555481
20.7553844452
43.2553863525
65.7553863525
93.2202911377
70.7202911377
25.7202949524
3.22029399872
19.2797050476
64.2797088623
100.014762878
77.5147628784
55.0147628784
32.5147628784
10.0147628784
12.4852371216
34.9852371216
57.4852371216
83.1487045288
60.6487045288
38.1487045288
15.6487045288
6.85129499435
29.3512954712
51.8512954712
74.3512954712
81.6124038696
59.1124038696
36.6124038696
14.112405777
8.38759422302
30.887594223
53.3875961304
75.8875961304
114.381988525
69.3819885254
46.8819885254
24.3819885254
20.6180114746
43.1180114746
100.820007324
78.3200073242
55.8200073242
33.3200073242
10.8200054169
11.6799945831
34.1799926758
56.6799926758
73.2401123047
28.2401123047
5.74011325836
16.7598876953
61.7598876953
84.2598876953
59.8190765381
37.3190765381
30.1809234619
52.6809234619
78.75
11.25
11.25
78.75
66.437713623
43.9377174377
21.4377174377
1.06228351593
23.5622825623
46.0622825623
68.562286377
91.062286377
74.3914642334
51.8914604187
29.3914604187
15.6085395813
38.1085395813
60.6085395813
54.3060455322
31.8060455322
9.30604553223
13.1939544678
35.6939544678
58.1939544678
80.6939544678
103.193954468
155.254272461
132.754272461
110.254264832
87.7542648315
65.2542648315
42.7542648315
20.2542648315
2.24573516846
111.025642395
88.525642395
21.025642395
1.47435760498
69.7773742676
47.2773742676
24.7773742676
2.27737426758
20.2226257324
42.7226257324
65.2226257324
87.7226257324
168.75
146.25
123.75
101.25
78.75
56.25
33.75
11.25
62.4897956848
39.9897956848
17.4897956848
5.01020431519
27.5102043152
50.0102043152
72.5102081299
95.0102081299
84.5754318237
62.075428009
39.575428009
17.0754299164
5.42457056046
27.9245700836
50.424571991
72.9245681763
90.8572158813
68.3572158813
45.8572158813
23.357213974
0.857213973999
21.642786026
44.1427841187
66.6427841187
24.8518257141
2.35182571411
20.1481742859
42.6481742859
65.1481781006
87.6481781006
110.148178101
132.648178101
17.0873565674
5.41264343262
27.9126434326
50.4126434326
72.9126434326
95.4126434326
117.912643433
140.412643433
143.190032959
120.690032959
98.190032959
75.690032959
53.190032959
30.690032959
8.19003295898
14.309967041
151.099884033
128.599884033
106.099876404
83.5998764038
61.0998764038
38.5998764038
16.0998764038
6.40012359619
121.147438049
98.6474380493
76.1474380493
53.6474380493
31.1474380493
8.64743804932
13.8525619507
36.3525619507
2.65979003906
19.8402099609
42.3402099609
64.8402099609
87.3402099609
109.840209961
132.340209961
154.840209961
35.2163009644
12.7163009644
9.78369903564
32.2836990356
54.7836990356
77.2836990356
99.7836990356
122.283699036
55.3553695679
32.8553695679
10.3553714752
12.1446285248
34.6446304321
57.1446304321
79.6446304321
102.144630432
76.9978713989
54.4978713989
31.9978713989
9.4978723526
13.0021276474
35.5021286011
58.0021286011
80.5021286011
42.9566993713
20.4566993713
2.04330062866
24.5433006287
47.0433006287
69.5433044434
92.0433044434
114.543304443
127.384269714
104.884269714
59.8842697144
37.3842697144
14.8842697144
30.1157302856
162.468780518
139.968780518
117.468772888
94.9687728882
72.4687728882
49.9687728882
27.4687728882
4.96877288818
0.464111328125
22.9641113281
45.4641113281
67.9641113281
90.4641113281
112.964111328
135.464111328
157.964111328
5.72245788574
28.2224578857
50.7224578857
73.2224578857
95.7224578857
118.222457886
140.722457886
163.222457886
0.726127624512
21.7738723755
44.2738723755
66.7738723755
89.2738723755
111.773872375
134.273864746
156.773864746
31.5474014282
9.04740142822
13.4525985718
35.9525985718
58.4525985718
80.9525985718
103.452598572
125.952598572
88.874671936
66.374671936
43.874671936
21.374671936
1.12532806396
23.625328064
46.125328064
68.625328064
80.9525985718
9.04740142822
78.75
56.25
33.75
11.25
11.25
33.75
56.25
78.75
89.0548477173
0.945154190063
108.625991821
86.1259918213
18.6259918213
3.87400817871
104.39099884
81.8909988403
14.3909988403
8.10900115967
65.123008728
42.6230049133
20.1230049133
2.376994133
24.8769950867
47.3769950867
69.876991272
92.376991272
155.755371094
151.822479248
133.255371094
129.322479248
110.755378723
106.822486877
88.2553787231
84.3224868774
65.7553787231
61.8224868774
43.2553787231
39.3224868774
20.7553787231
16.8224868774
1.74462127686
5.67751312256
23.3422889709
21.6577110291
44.1577110291
66.6577148438
111.657714844
134.157714844
76.7045898438
54.2045898438
31.7045917511
9.2045917511
13.2954082489
35.7954101562
58.2954101562
80.7954101562
80.4857025146
57.9857063293
35.4857063293
12.985704422
9.514295578
32.0142936707
54.5142936707
77.0142974854
17.245639801
2.82302856445
5.25436019897
27.754360199
50.254360199
72.7543640137
87.1769714355
95.2543640137
117.754364014
140.254364014
152.804595947
130.304595947
107.804603577
85.3046035767
62.8046035767
40.3046035767
17.8046035767
4.69539642334
123.75
101.25
78.75
56.25
33.75
11.25
11.25
33.75
25.0038375854
2.50383758545
19.9961624146
42.4961624146
64.9961624146
87.4961624146
109.996162415
132.496154785
99.3060455322
76.8060455322
54.3060455322
31.8060455322
9.30604553223
13.1939544678
35.6939544678
58.1939544678
101.369857788
78.8698577881
56.3698616028
33.8698616028
11.3698616028
11.1301383972
33.6301383972
56.1301383972
54.0611572266
76.5611572266
144.061157227
166.561157227
28.4274597168
50.9274597168
118.427459717
140.927459717
9.52513885498
32.025138855
54.525138855
77.025138855
99.525138855
122.025138855
144.525146484
167.025146484
5.75679779053
28.2567977905
50.7567977905
73.2567977905
95.7567977905
118.256797791
140.75680542
163.25680542
165.173675537
142.673675537
120.173667908
97.6736679077
75.1736679077
52.6736679077
30.1736679077
7.67366790771
62.8892860413
40.3892860413
27.1107139587
49.6107139587
108.854751587
86.3547515869
63.8547554016
41.3547554016
18.8547554016
3.64524459839
26.1452445984
48.6452445984
0.0599327087402
90.0599365234
75.5701675415
53.0701713562
30.5701694489
8.07016944885
14.4298305511
36.9298286438
59.4298286438
81.9298324585
103.054550171
80.5545501709
58.0545463562
35.5545463562
13.0545463562
9.4454536438
31.9454536438
54.4454536438
81.2668914795
8.73310852051
101.500976562
79.0009765625
56.5009765625
34.0009765625
11.5009746552
10.9990253448
33.4990234375
55.9990234375
106.049568176
83.5495681763
61.0495681763
16.0495681763
6.45043182373
28.9504318237
99.7875061035
77.2875061035
54.7875099182
32.2875099182
9.78750991821
12.7124900818
35.2124900818
57.7124900818
63.9235191345
41.4235191345
18.9235191345
3.5764799118
26.0764808655
48.5764808655
71.0764770508
93.5764770508
62.8046035767
40.3046035767
17.804605484
4.69539451599
27.195394516
49.6953964233
72.1953964233
94.6953964233
8.31432342529
30.8143234253
53.3143234253
75.8143234253
98.3143234253
120.814323425
143.314331055
165.814331055
80.9525985718
58.4525985718
35.9525985718
13.4525985718
9.04740142822
31.5474014282
54.0474014282
76.5474014282
43.874671936
33.75
21.374671936
11.25
1.12532806396
11.25
23.625328064
33.75
46.125328064
56.25
68.625328064
78.75
91.125328064
101.25
113.625328064
123.75
94.939201355
4.93920135498
31.5188293457
9.0188293457
13.4811706543
35.9811706543
58.4811706543
80.9811706543
103.481170654
125.981170654
111.032409668
88.532409668
66.032409668
21.032409668
1.46759033203
23.967590332
6.73601198196
83.2639846802
163.222457886
140.722457886
118.222457886
95.7224578857
73.2224578857
50.7224578857
28.2224578857
5.72245788574
83.7197418213
61.2197418213
38.7197418213
16.2197418213
6.28025913239
28.7802581787
51.2802581787
73.7802581787
96.628692627
74.128692627
51.6286964417
29.1286964417
6.62869644165
15.8713035583
38.3713035583
60.8713035583
120.383544922
97.8835449219
75.3835449219
52.8835411072
30.3835411072
7.88354110718
14.6164588928
37.1164588928
118.039405823
95.5394058228
73.0394058228
50.5394058228
28.0394058228
5.53940582275
16.9605941772
39.4605941772
115.619895935
93.1198959351
70.6198959351
48.1198959351
25.6198959351
3.11989593506
19.3801040649
41.8801040649
111.981712341
89.4817123413
66.9817123413
44.4817123413
21.9817123413
0.518287658691
23.0182876587
45.5182876587
27.4098091125
4.90980911255
17.5901908875
40.0901908875
62.5901908875
85.0901947021
107.590194702
130.090194702
19.4497261047
3.05027389526
25.5502738953
48.0502738953
70.55027771
93.05027771
115.55027771
138.05027771
141.104034424
118.604026794
73.6040267944
51.1040267944
28.6040267944
16.3959732056
68.1386566162
45.6386566162
23.1386585236
21.8613414764
44.3613433838
66.8613433838
91.2788085938
68.7788085938
23.7788085938
1.27880764008
21.2211914062
66.2211914062
162.740997314
140.240997314
117.740989685
95.2409896851
72.7409896851
50.2409896851
27.7409896851
5.24098968506
143.314331055
120.814323425
53.3143234253
30.8143234253
126.476318359
103.976318359
81.4763183594
58.9763145447
36.4763145447
13.9763145447
8.52368545532
31.0236854553
93.2202911377
70.7202911377
48.2202949524
25.7202949524
3.22029399872
19.2797050476
41.7797050476
64.2797088623
81.1359405518
58.6359443665
36.1359443665
13.6359443665
8.86405563354
31.3640556335
53.8640556335
76.3640594482
78.75
56.25
33.75
11.25
11.25
33.75
56.25
78.75
80.3865737915
57.8865776062
35.3865776062
12.8865766525
9.61342334747
32.1134223938
54.6134223938
77.1134262085
67.9656982422
45.4657020569
22.9657020569
0.465702056885
22.0342979431
44.5342979431
67.0343017578
89.5343017578
8.02030181885
30.5203018188
53.0203018188
75.5203018188
98.0203018188
120.520301819
143.020294189
165.520294189
23.1086082458
0.60860824585
21.8913917542
44.3913917542
66.8913879395
89.3913879395
111.891387939
134.391387939
164.406066895
141.906066895
119.406066895
96.9060668945
74.4060668945
51.9060668945
29.4060668945
6.90606689453
6.12015533447
28.6201553345
51.1201553345
73.6201553345
96.1201553345
118.620155334
141.120147705
163.620147705
2.32043457031
20.1795654297
42.6795654297
65.1795654297
87.6795654297
110.17956543
132.67956543
155.17956543
8.95938873291
31.4593887329
53.9593887329
76.4593887329
98.9593887329
121.459388733
143.959381104
166.459381104
168.75
146.25
123.75
101.25
78.75
56.25
33.75
11.25
80.7954101562
58.2954101562
35.7954101562
13.2954082489
9.2045917511
31.7045917511
54.2045898438
76.7045898438
89.5606307983
0.43936920166
49.5011749268
27.0011730194
4.50117301941
17.9988269806
40.4988250732
62.9988250732
85.4988250732
107.998825073
33.75
11.25
11.25
33.75
56.25
78.75
101.25
123.75
7.16438293457
29.6643829346
74.6643829346
97.1643829346
119.664382935
164.664382935
7.72040557861
14.7795944214
82.2795944214
104.779594421
115.619895935
93.1198959351
25.6198959351
3.11989593506
78.75
56.25
33.75
11.25
11.25
33.75
56.25
78.75
101.25
78.75
11.25
11.25
92.0305404663
69.5305404663
47.030544281
24.530544281
2.03054332733
20.469455719
42.969455719
65.4694595337
144.854003906
122.353996277
99.8539962769
77.3539962769
54.8539962769
32.3539962769
9.85399627686
12.6460037231
24.5025749207
2.00257492065
20.4974250793
42.9974250793
65.4974212646
87.9974212646
110.497421265
132.997421265
11.25
33.75
56.25
78.75
101.25
123.75
146.25
168.75
21.6552429199
0.844757080078
23.3447570801
45.8447570801
68.3447570801
90.8447570801
113.34475708
135.84475708
46.7446174622
24.2446174622
1.74461746216
20.7553825378
43.2553825378
65.7553863525
88.2553863525
110.755386353
160.619903564
138.119903564
115.619895935
93.1198959351
70.6198959351
48.1198959351
25.6198959351
3.11989593506
103.89478302
81.39478302
13.89478302
8.60521697998
86.2458572388
81.8440551758
63.7458572388
59.3440589905
41.2458572388
36.8440589905
18.7458572388
14.3440580368
3.75414228439
8.1559419632
26.2541427612
30.6559410095
48.7541427612
53.1559410095
71.2541427612
75.6559448242
8.0701751709
30.5701751709
53.0701751709
75.5701751709
98.0701751709
120.570175171
143.070175171
165.570175171
31.3640556335
9.20458984375
121.459381104
8.86405563354
31.7045898438
98.9593811035
13.6359443665
54.2045898438
76.4593811035
36.1359443665
76.7045898438
53.9593849182
58.6359443665
99.2045898438
31.4593849182
81.1359405518
121.704589844
8.95938491821
103.635940552
144.204589844
13.5406150818
126.135940552
166.704589844
36.0406150818
59.8253555298
37.3253555298
14.8253555298
7.67464447021
30.1746444702
52.6746444702
75.1746444702
97.6746444702
121.459381104
98.9593811035
76.4593811035
53.9593849182
31.4593849182
8.95938491821
13.5406150818
36.0406150818
113.967590332
91.467590332
68.967590332
46.467590332
23.967590332
1.46759033203
21.032409668
43.532409668
105.315048218
82.8150482178
60.3150482178
37.8150482178
15.3150482178
7.18495178223
29.6849517822
52.1849517822
106.647270203
84.1472702026
61.6472702026
39.1472702026
16.64727211
5.85272789001
28.35272789
50.8527297974
106.647270203
84.1472702026
61.6472702026
39.1472702026
16.64727211
5.85272789001
28.35272789
50.8527297974
29.3512954712
6.85129547119
15.6487045288
38.1487045288
60.6487045288
83.1487045288
105.648704529
128.148712158
27.7409934998
5.24099349976
17.2590065002
39.7590065002
62.2590065002
84.7590026855
107.259002686
129.759002686
0.638656616211
23.1386566162
45.6386566162
90.6386566162
113.138656616
135.638656616
162.84387207
140.34387207
117.843864441
95.3438644409
72.8438644409
50.3438644409
27.8438644409
5.34386444092
160.323028564
137.823028564
115.323028564
92.8230285645
70.3230285645
47.8230285645
25.3230285645
2.82302856445
8.76044464111
31.2604446411
53.7604446411
76.2604446411
98.7604446411
121.260444641
143.760437012
166.260437012
83.7197418213
16.2197418213
6.28025913239
73.7802581787
86.5151672363
64.0151672363
41.5151672363
19.0151672363
3.48483371735
25.9848327637
48.4848327637
70.9848327637
90.0599365234
67.5599365234
45.0599327087
22.5599327087
0.0599327087402
22.4400672913
44.9400672913
67.4400634766
155.13949585
132.63949585
65.1394882202
42.6394882202
156.660888672
134.160888672
111.660888672
89.1608886719
66.6608886719
44.1608886719
21.6608886719
0.839111328125
132.63949585
42.6394882202
15.3150482178
7.18495178223
29.6849517822
52.1849517822
74.6849517822
97.1849517822
119.684951782
142.184951782
118.55557251
96.0555725098
73.5555725098
51.0555686951
28.5555686951
6.05556869507
16.4444313049
38.9444313049
78.75
56.25
33.75
11.25
11.25
33.75
56.25
78.75
114.659721375
92.1597213745
69.6597213745
47.1597213745
24.6597213745
2.15972137451
20.3402786255
42.8402786255
160.003845215
11.25
137.503845215
33.75
115.003845215
56.25
92.5038452148
78.75
70.0038452148
101.25
47.5038452148
123.75
25.0038452148
146.25
2.50384521484
168.75
125.298156738
102.798156738
57.798160553
35.298160553
12.798160553
32.201839447
5.74082946777
16.7591705322
84.2591705322
106.759170532
8.52368927002
98.52368927
8.23720550537
30.7372055054
53.2372055054
75.7372055054
98.2372055054
120.737205505
143.237213135
165.737213135
150.315063477
127.815055847
105.315055847
82.8150558472
60.3150558472
37.8150558472
15.3150558472
7.18494415283
82.8150558472
7.18494415283
7.43592834473
29.9359283447
52.4359283447
74.9359283447
97.4359283447
119.935928345
142.435928345
164.935928345
140.23789978
117.73789978
95.2378997803
72.7378997803
50.237903595
27.737903595
5.23790359497
17.262096405
145.00050354
122.50050354
100.00050354
77.50050354
55.00050354
32.50050354
10.00050354
12.49949646
121.147438049
98.6474380493
76.1474380493
53.6474380493
31.1474380493
8.64743804932
13.8525619507
36.3525619507
62.967048645
40.467048645
17.967048645
4.53295040131
27.032951355
49.532951355
72.032951355
94.532951355
16.1575756073
6.3424243927
73.8424224854
96.3424224854
131.880096436
109.380104065
86.8801040649
64.3801040649
41.8801040649
19.3801040649
3.11989593506
25.6198959351
76.2604446411
53.7604484558
31.2604465485
8.76044750214
13.7395524979
36.2395515442
58.7395515442
81.2395553589
91.2420196533
1.24201965332
151.099884033
128.599884033
106.099876404
83.5998764038
61.0998764038
38.5998764038
16.0998764038
6.40012359619
152.050750732
129.550750732
107.050750732
84.5507507324
62.0507507324
39.5507507324
17.0507507324
5.44924926758
5.53940582275
28.0394058228
50.5394058228
73.0394058228
95.5394058228
118.039405823
140.539398193
163.039398193
153.225891113
130.725891113
108.225891113
85.7258911133
63.2258911133
40.7258911133
18.2258911133
4.27410888672
44.3696556091
21.8696556091
0.630344390869
23.1303443909
45.6303443909
68.1303405762
90.6303405762
113.130340576
134.241485596
111.741477966
89.2414779663
66.7414779663
44.2414779663
21.7414779663
0.758522033691
23.2585220337
40.0901908875
17.5901908875
4.90980911255
27.4098091125
49.9098091125
72.4098052979
94.9098052979
117.409805298
162.409805298
139.909805298
117.409805298
94.9098052979
72.4098052979
49.9098052979
27.4098052979
4.90980529785
91.9905166626
69.4905166626
46.9905204773
24.4905204773
1.99051952362
20.5094795227
43.0094795227
65.5094833374
2.78624725342
19.7137527466
42.2137527466
64.7137527466
87.2137527466
109.713752747
132.213745117
154.713745117
5.07982635498
27.579826355
50.079826355
72.579826355
95.079826355
117.579826355
140.079833984
162.579833984
73.0394058228
50.5394058228
28.0394077301
5.53940725327
16.9605922699
39.4605941772
61.9605941772
84.4605941772
74.6643829346
52.1643829346
29.6643829346
7.16438341141
15.3356170654
37.8356170654
60.3356170654
82.8356170654
107.804603577
85.3046035767
62.8046035767
40.3046035767
17.8046035767
4.69539642334
27.1953964233
49.6953964233
73.0394058228
50.5394058228
28.0394077301
5.53940725327
16.9605922699
39.4605941772
61.9605941772
84.4605941772
112.909698486
90.4096984863
67.9096984863
45.4096946716
22.9096946716
0.409694671631
22.0903053284
44.5903053284
101.500823975
79.0008239746
11.5008201599
10.9991798401
154.713745117
132.213745117
109.713752747
87.2137527466
64.7137527466
42.2137527466
19.7137527466
2.78624725342
153.923522949
131.423522949
108.92351532
86.4235153198
63.9235153198
41.4235153198
18.9235153198
3.57648468018
115.134353638
92.6343536377
70.1343536377
47.634349823
25.134349823
2.634349823
19.865650177
42.365650177
101.130134583
78.6301345825
56.1301345825
33.6301345825
11.1301345825
11.3698654175
33.8698654175
56.3698654175
84.7590026855
62.2590065002
39.7590065002
17.2590065002
5.24099397659
27.7409934998
50.2409934998
72.7409973145
82.1164627075
59.6164588928
37.1164588928
14.6164608002
7.88353919983
30.3835391998
52.8835411072
75.3835372925
95.6775131226
73.1775131226
50.6775131226
28.1775112152
5.67751121521
16.8224887848
39.3224868774
61.8224868774
3.39669036865
25.8966903687
48.3966903687
70.8966903687
93.3966903687
115.896690369
138.396697998
160.896697998
4.90980529785
27.4098052979
49.9098052979
72.4098052979
94.9098052979
117.409805298
139.909805298
162.409805298
166.704589844
144.204589844
121.704589844
99.2045898438
76.7045898438
54.2045898438
31.7045898438
9.20458984375
166.364059448
143.864059448
121.364059448
98.8640594482
76.3640594482
53.8640594482
31.3640594482
8.86405944824
163.780258179
141.280258179
118.780258179
96.2802581787
73.7802581787
51.2802581787
28.7802581787
6.28025817871
9.04740142822
31.5474014282
54.0474014282
76.5474014282
99.0474014282
121.547401428
144.047393799
166.547393799
9.12890625
31.62890625
54.12890625
76.62890625
99.12890625
121.62890625
144.12890625
166.62890625
166.775054932
144.275054932
121.775062561
99.275062561
76.775062561
54.275062561
31.775062561
9.27506256104
164.351287842
141.851287842
119.351295471
96.8512954712
74.3512954712
51.8512954712
29.3512954712
6.85129547119
162.168060303
139.668060303
117.168052673
94.6680526733
72.1680526733
49.6680526733
27.1680526733
4.66805267334
166.704589844
144.204589844
121.704589844
99.2045898438
76.7045898438
54.2045898438
31.7045898438
9.20458984375
163.986358643
141.486358643
118.986358643
96.4863586426
73.9863586426
51.4863586426
28.9863586426
6.48635864258
165.383544922
142.883544922
120.383537292
97.8835372925
75.3835372925
52.8835372925
30.3835372925
7.88353729248
11.25
33.75
56.25
78.75
101.25
123.75
146.25
168.75
112.440063477
89.9400634766
67.4400634766
44.9400672913
22.4400672913
0.0599327087402
22.5599327087
45.0599327087
146.682098389
124.182106018
101.682106018
79.1821060181
56.6821060181
34.1821060181
11.6821060181
10.8178939819
2.03897094727
24.5389709473
47.0389709473
69.5389709473
92.0389709473
114.538970947
137.038970947
159.538970947
6.73600769043
29.2360076904
51.7360076904
74.2360076904
96.7360076904
119.23600769
141.73600769
164.23600769
2.78624725342
19.7137527466
42.2137527466
64.7137527466
87.2137527466
109.713752747
132.213745117
154.713745117
135.059936523
112.559936523
90.0599365234
67.5599365234
45.0599327087
22.5599327087
0.0599327087402
22.4400672913
129.865509033
107.365509033
84.8655090332
62.3655052185
39.8655052185
17.3655052185
5.13449478149
27.6344947815
6.85129547119
74.3512954712
96.8512954712
164.351287842
114.760177612
92.2601776123
69.7601776123
47.2601776123
24.7601776123
2.2601776123
20.2398223877
42.7398223877
2.50384521484
92.5038452148
1.52242279053
24.0224227905
69.0224227905
91.5224227905
114.022422791
159.02243042
101.748626709
79.248626709
56.748626709
34.248626709
11.7486286163
10.7513713837
33.251373291
55.751373291
103.151870728
99.7967529297
80.6518707275
77.2967529297
58.1518707275
54.796749115
35.6518707275
32.296749115
13.1518688202
9.79674911499
9.34813117981
12.703250885
31.8481311798
35.203250885
54.3481292725
57.703250885
73.1778030396
5.67780256271
16.8221969604
84.3221969604
66.2211914062
43.7211914062
21.2211914062
1.27880764008
23.7788085938
46.2788085938
68.7788085938
91.2788085938
4.54016113281
27.0401611328
49.5401611328
72.0401611328
94.5401611328
117.040161133
139.540161133
162.040161133
5.89417266846
28.3941726685
50.8941726685
73.3941726685
95.8941726685
118.394172668
140.894165039
163.394165039
5.07982635498
27.579826355
50.079826355
72.579826355
95.079826355
117.579826355
140.079833984
162.579833984
78.75
56.25
33.75
11.25
11.25
33.75
56.25
78.75
78.75
56.25
33.75
11.25
11.25
33.75
56.25
78.75
81.8440551758
59.3440589905
36.8440589905
14.3440580368
8.1559419632
30.6559410095
53.1559410095
75.6559448242
166.902389526
144.402389526
121.902389526
99.4023895264
76.9023895264
54.4023895264
31.9023895264
9.40238952637
4.33876800537
26.8387680054
49.3387680054
71.8387680054
94.3387680054
116.838768005
139.338775635
161.838775635
75.9411773682
165.941177368
154.713745117
132.213745117
109.713752747
87.2137527466
64.7137527466
42.2137527466
19.7137527466
2.78624725342
142.184951782
119.684951782
97.1849517822
74.6849517822
52.1849517822
29.6849517822
7.18495178223
15.3150482178
21.6552429199
0.844757080078
23.3447570801
45.8447570801
68.3447570801
90.8447570801
113.34475708
135.84475708
52.1849517822
29.6849517822
7.18495178223
15.3150482178
37.8150482178
60.3150482178
82.8150482178
105.315048218
165.88760376
143.38760376
120.88759613
98.3875961304
75.8875961304
53.3875961304
30.8875961304
8.38759613037
65.3575057983
42.8575057983
20.357503891
2.14249610901
24.642496109
47.1424942017
69.6424942017
92.1424942017
6.48635864258
28.9863586426
51.4863586426
73.9863586426
96.4863586426
118.986358643
141.486358643
163.986358643
154.584197998
132.084197998
109.584205627
87.0842056274
64.5842056274
42.0842056274
19.5842056274
2.91579437256
0.26163482666
22.2383651733
44.7383651733
67.2383651733
89.7383651733
112.238365173
134.738372803
157.238372803
41.4460525513
18.9460525513
3.55394744873
26.0539474487
48.5539474487
71.0539474487
93.5539474487
116.053947449
38.7197418213
16.2197418213
51.2802581787
73.7802581787
78.75
56.25
33.75
11.25
11.25
33.75
56.25
78.75
137.786254883
115.286247253
70.2862472534
47.7862472534
25.2862472534
19.7137527466
167.113433838
144.613433838
122.113426208
99.6134262085
77.1134262085
54.6134262085
32.1134262085
9.6134262085
99.3408432007
9.34084320068
9.60446166992
12.8955383301
35.3955383301
57.8955383301
80.3955383301
102.89553833
125.39553833
147.89553833
4.69539642334
17.8046035767
40.3046035767
62.8046035767
85.3046035767
107.804603577
130.304595947
152.804595947
5.39398956299
95.393989563
91.7446136475
69.2446136475
46.7446136475
24.2446155548
1.74461555481
20.7553844452
43.2553863525
65.7553863525
2.16444396973
20.3355560303
42.8355560303
65.3355560303
87.8355560303
110.33555603
132.83555603
155.33555603
58.1939544678
35.6939544678
13.1939544678
9.30604553223
31.8060455322
54.3060455322
76.8060455322
99.3060455322
56.5009765625
34.0009765625
11.5009765625
10.9990234375
33.4990234375
55.9990234375
78.4990234375
100.999023438
86.5151672363
64.0151672363
41.5151672363
19.0151672363
3.48483371735
25.9848327637
48.4848327637
70.9848327637
88.2123260498
65.7123260498
43.2123222351
20.7123222351
1.78767776489
24.2876777649
46.7876777649
69.2876739502
139.939208984
117.439201355
94.939201355
72.439201355
49.939201355
27.439201355
4.93920135498
17.560798645
143.040039062
120.540046692
98.0400466919
75.5400466919
53.0400466919
30.5400466919
8.04004669189
14.4599533081
8.15594482422
30.6559448242
53.1559448242
75.6559448242
98.1559448242
120.655944824
143.155944824
165.655944824
73.3096694946
8.15594482422
50.8096694946
30.6559448242
28.3096675873
53.1559448242
5.80966758728
75.6559448242
16.6903324127
98.1559448242
39.1903305054
120.655944824
61.6903305054
143.155944824
84.1903305054
165.655944824
70.9848327637
48.4848327637
25.9848327637
3.48483371735
19.0151672363
41.5151672363
64.0151672363
86.5151672363
98.974861145
76.474861145
53.974861145
31.4748592377
8.97485923767
13.5251407623
36.025138855
58.525138855
68.1303482056
45.6303443909
23.1303443909
0.630345344543
21.8696556091
44.3696556091
66.8696517944
89.3696517944
84.1903305054
61.6903305054
5.80966758728
28.3096675873
75.1736679077
7.67366552353
14.8263339996
82.3263320923
101.25
78.75
11.25
11.25
33.75
11.25
11.25
33.75
56.25
78.75
101.25
123.75
35.5976142883
13.0976142883
9.40238571167
31.9023857117
54.4023857117
76.9023895264
99.4023895264
121.902389526
33.4163475037
56.5836524963
29.3512954712
6.85129547119
15.6487045288
60.6487045288
83.1487045288
105.648704529
52.1849517822
29.6849517822
7.18495178223
15.3150482178
37.8150482178
60.3150482178
82.8150482178
105.315048218
71.2541427612
48.7541427612
26.2541427612
3.75414228439
18.7458572388
41.2458572388
63.7458572388
86.2458572388
42.4961624146
19.9961624146
2.50383758545
25.0038375854
47.5038375854
70.0038375854
92.5038375854
115.003837585
1.32375335693
91.3237533569
20.1795654297
2.32043457031
24.8204345703
47.3204345703
69.8204345703
92.3204345703
114.82043457
137.32043457
41.2738227844
18.7738227844
3.72617721558
26.2261772156
48.7261772156
71.2261810303
93.7261810303
116.22618103
5.53940582275
28.0394058228
50.5394058228
73.0394058228
95.5394058228
118.039405823
140.539398193
163.039398193
165.173675537
120.173667908
97.6736679077
75.1736679077
30.1736679077
7.67366790771
158.445159912
135.945159912
113.445152283
90.9451522827
68.4451522827
45.9451522827
23.4451522827
0.945152282715
121.902389526
99.4023895264
76.9023895264
54.4023857117
31.9023857117
9.40238571167
13.0976142883
35.5976142883
113.967590332
91.467590332
68.967590332
46.467590332
23.967590332
1.46759033203
21.032409668
43.532409668
76.62890625
13.3710975647
95.9914550781
73.4914550781
50.9914588928
28.4914588928
5.99145889282
16.5085411072
39.0085411072
61.5085411072
108.818580627
86.3185806274
63.8185806274
41.3185806274
18.8185825348
3.68141746521
26.1814174652
48.6814193726
99.7875061035
77.2875061035
54.7875099182
32.2875099182
9.78750991821
12.7124900818
35.2124900818
57.7124900818
109.400665283
86.9006652832
64.4006652832
41.9006652832
19.4006671906
3.09933280945
25.5993328094
48.0993347168
107.560791016
85.0607910156
62.5607910156
40.0607910156
17.560792923
4.93920707703
27.439207077
49.9392089844
71.8387756348
49.3387718201
26.8387718201
4.33877277374
18.1612281799
40.6612281799
63.1612281799
85.6612243652
82.4413833618
59.9413871765
37.4413871765
14.9413852692
7.558614254
30.0586147308
52.5586128235
75.0586166382
88.874671936
66.374671936
43.874671936
21.374671936
1.12532806396
23.625328064
46.125328064
68.625328064
78.75
56.25
33.75
11.25
11.25
33.75
56.25
78.75
105.315048218
82.8150482178
15.3150482178
7.18495178223
95.1260681152
5.12606811523
51.4001235962
28.9001235962
38.5998764038
61.0998764038
11.7387161255
10.7612838745
33.2612838745
55.7612838745
78.2612838745
100.761283875
123.261283875
145.761291504
13.525138855
8.97486114502
31.474861145
53.974861145
76.474861145
98.974861145
121.474861145
143.974853516
19.1291275024
3.37087249756
25.8708724976
48.3708724976
70.8708724976
93.3708724976
115.870872498
138.370880127
106.168792725
83.6687927246
16.1687965393
6.33120346069
127.726722717
105.226722717
82.7267227173
60.2267227173
37.7267227173
15.2267227173
7.27327728271
29.7732772827
135.142654419
99.4777603149
112.642654419
76.9777603149
67.6426544189
45.1426544189
9.47776031494
22.6426544189
13.0222396851
22.3573455811
39.2904663086
44.7648086548
16.7904663086
22.2648086548
5.70953369141
0.235191345215
28.2095336914
22.7351913452
50.7095336914
45.2351913452
73.2095336914
67.7351913452
95.7095336914
90.2351913452
118.209533691
112.735191345
102.712486267
80.2124862671
57.7124862671
35.2124862671
12.7124881744
9.78751182556
32.2875137329
54.7875137329
91.474357605
68.974357605
46.474357605
23.9743556976
1.47435569763
21.0256443024
43.525642395
66.025642395
83.9444274902
61.4444274902
38.9444274902
16.4444274902
6.05557155609
28.5555725098
51.0555725098
73.5555725098
86.3446426392
63.8446426392
41.3446426392
18.8446426392
3.655356884
26.1553573608
48.6553573608
71.1553573608
66.1415176392
43.6415176392
1.35848140717
23.8584823608
46.3584823608
91.3584823608
53.3875961304
30.887594223
8.38759422302
36.6124038696
59.1124038696
81.6124038696
58.426864624
35.926864624
13.426864624
9.07313537598
31.573135376
54.073135376
76.573135376
99.073135376
40.7029571533
18.2029571533
4.29704284668
26.7970428467
49.2970428467
71.7970428467
94.2970428467
116.797042847
43.6158065796
21.1158065796
1.38419342041
23.8841934204
46.3841934204
68.8841934204
91.3841934204
113.88419342
65.875
43.375
20.875
1.625
24.125
46.625
69.125
91.625
55.00050354
32.50050354
10.0005054474
12.4994945526
34.99949646
57.49949646
79.99949646
102.49949646
64.713760376
42.2137565613
19.7137565613
2.78624248505
25.2862434387
47.7862434387
70.286239624
92.786239624
9.1828289032
13.3171710968
80.8171691895
103.317169189
38.0440750122
15.5440750122
6.95592498779
29.4559249878
51.9559249878
74.4559249878
96.9559249878
119.455924988
4.65382003784
94.6538238525
37.798664093
15.298664093
7.20133590698
29.701335907
52.201335907
74.7013397217
97.2013397217
119.701339722
163.696044922
141.196044922
118.696052551
96.1960525513
73.6960525513
51.1960525513
28.6960525513
6.19605255127
148.649993896
126.149986267
103.649986267
81.1499862671
58.6499862671
36.1499862671
13.6499862671
8.85001373291
155.836288452
133.336288452
110.836288452
88.3362884521
65.8362884521
43.3362884521
20.8362884521
1.66371154785
146.500976562
124.000976562
101.500976562
79.0009765625
56.5009765625
34.0009765625
11.5009765625
10.9990234375
155.945739746
133.445739746
110.945732117
88.4457321167
65.9457321167
43.4457321167
20.9457321167
1.5542678833
140.307067871
117.807067871
95.3070678711
72.8070678711
50.3070716858
27.8070716858
5.30707168579
17.1929283142
25.6198959351
3.11989593506
19.3801040649
41.8801040649
64.3801040649
86.8801040649
109.380104065
131.880096436
11.9485931396
103.766891479
10.5514068604
81.2668914795
58.7668914795
36.2668914795
78.0514068604
13.7668914795
100.55140686
8.73310852051
31.2331085205
53.7331085205
153.225891113
108.225891113
85.7258911133
63.2258911133
18.2258911133
4.27410888672
59.309967041
36.809967041
14.3099651337
8.19003486633
30.6900348663
53.190032959
75.690032959
98.190032959
8.19004058838
14.3099594116
36.8099594116
59.3099594116
81.8099594116
104.309959412
126.809959412
149.309967041
123.75
101.25
78.75
56.25
33.75
11.25
11.25
33.75
22.5599327087
0.0599327087402
22.4400672913
67.4400634766
89.9400634766
112.440063477
43.7579803467
21.2579803467
1.24201965332
23.7420196533
46.2420196533
68.7420196533
91.2420196533
113.742019653
43.532409668
21.032409668
1.46759033203
23.967590332
46.467590332
68.967590332
91.467590332
113.967590332
75.2752075195
30.2752094269
7.77520895004
14.7247905731
59.7247924805
82.2247924805
83.8792114258
61.3792076111
38.8792076111
16.3792076111
6.12079191208
28.6207923889
51.1207923889
73.6207885742
56.25
33.75
33.75
56.25
1.30762481689
88.6923751831
164.503570557
142.003570557
119.503578186
97.003578186
74.503578186
52.003578186
29.503578186
7.00357818604
144.814239502
122.314231873
99.8142318726
77.3142318726
54.8142318726
32.3142318726
9.81423187256
12.6857681274
104.459953308
81.9599533081
59.4599533081
36.9599533081
14.4599533081
8.04004669189
30.5400466919
53.0400466919
101.369857788
78.8698577881
56.3698616028
33.8698616028
11.3698616028
11.1301383972
33.6301383972
56.1301383972
32.3528213501
9.8528213501
12.6471786499
35.1471786499
57.6471786499
80.1471786499
102.64717865
125.14717865
166.84085083
144.34085083
121.840843201
99.3408432007
76.8408432007
54.3408432007
31.8408432007
9.34084320068
81.5031661987
8.49683380127
85.5389709473
63.038974762
18.038974762
4.46102571487
26.961025238
71.9610290527
83.6490936279
61.1490936279
38.6490936279
16.1490936279
6.35090732574
28.8509063721
51.3509063721
73.8509063721
88.4775772095
65.9775772095
20.9775772095
1.52242183685
24.0224227905
69.0224227905
116.624984741
71.6249847412
49.1249809265
26.6249809265
18.3750190735
40.8750190735
16.3959732056
6.10402679443
28.6040267944
51.1040267944
73.6040267944
96.1040267944
118.604026794
141.104034424
64.713760376
42.2137565613
19.7137565613
2.78624248505
25.2862434387
47.7862434387
70.286239624
92.786239624
81.6124038696
59.1124038696
36.6124038696
14.112405777
8.38759422302
30.887594223
53.3875961304
75.8875961304
96.2755661011
73.7755661011
51.2755661011
28.7755661011
6.27556610107
16.2244338989
38.7244338989
61.2244338989
46.474357605
23.974357605
1.47435760498
21.025642395
43.525642395
66.025642395
88.525642395
111.025642395
153.625991821
131.125991821
108.625991821
86.1259918213
63.6259918213
41.1259918213
18.6259918213
3.87400817871
128.148712158
105.648704529
83.1487045288
60.6487045288
38.1487045288
15.6487045288
6.85129547119
29.3512954712
159.659729004
137.159729004
114.659721375
92.1597213745
69.6597213745
47.1597213745
24.6597213745
2.15972137451
81.6856765747
14.1856737137
8.31432628632
75.8143234253
78.75
56.25
33.75
11.25
11.25
33.75
56.25
78.75
165.814331055
143.314331055
120.814323425
98.3143234253
75.8143234253
53.3143234253
30.8143234253
8.31432342529
165.173675537
142.673675537
120.173667908
97.6736679077
75.1736679077
52.6736679077
30.1736679077
7.67366790771
57.5887413025
35.0887413025
12.5887413025
9.91125869751
32.4112586975
54.9112586975
77.4112548828
99.9112548828
113.036880493
90.5368804932
68.0368804932
45.5368766785
23.0368766785
0.536876678467
21.9631233215
44.4631233215
8.80706787109
31.3070678711
53.8070678711
76.3070678711
98.8070678711
121.307067871
143.807067871
166.307067871
3.0231628418
19.4768371582
41.9768371582
64.4768371582
86.9768371582
109.476837158
131.976837158
154.476837158
0.226058959961
22.27394104
44.77394104
67.27394104
89.77394104
112.27394104
134.77394104
157.27394104
73.7802581787
51.2802581787
28.7802581787
6.28025913239
16.2197418213
38.7197418213
61.2197418213
83.7197418213
0.364471435547
22.8644714355
45.3644714355
67.8644714355
90.3644714355
112.864471436
135.364471436
157.864471436
142.184951782
142.184951782
119.684951782
119.684951782
97.1849517822
97.1849517822
74.6849517822
74.6849517822
52.1849517822
52.1849517822
29.6849517822
29.6849517822
7.18495178223
7.18495178223
15.3150482178
15.3150482178
78.75
56.25
33.75
11.25
11.25
33.75
56.25
78.75
37.1164588928
14.6164588928
7.88354110718
30.3835411072
52.8835411072
75.3835449219
97.8835449219
120.383544922
13.9511260986
8.54887390137
31.0488739014
53.5488739014
76.0488739014
98.5488739014
121.048873901
143.548873901
15.3150482178
7.18495178223
29.6849517822
52.1849517822
74.6849517822
97.1849517822
119.684951782
142.184951782
152.560791016
130.060791016
107.560791016
85.0607910156
62.5607910156
40.0607910156
17.5607910156
4.93920898438
150.315063477
127.815055847
105.315055847
82.8150558472
60.3150558472
37.8150558472
15.3150558472
7.18494415283
52.1849517822
29.6849517822
7.18495178223
15.3150482178
37.8150482178
60.3150482178
82.8150482178
105.315048218
50.8527297974
28.35272789
5.85272789001
16.64727211
39.1472702026
61.6472702026
84.1472702026
106.647270203
54.7875137329
32.2875137329
9.78751182556
12.7124881744
35.2124862671
57.7124862671
80.2124862671
102.712486267
49.3922462463
26.8922462463
4.39224624634
18.1077537537
40.6077537537
63.1077537537
85.6077575684
108.107757568
26.6249847412
4.12498474121
18.3750152588
40.8750152588
63.3750152588
85.8750152588
108.375015259
130.875015259
72.1680526733
49.668056488
27.168056488
4.66805553436
17.831943512
40.331943512
62.831943512
85.3319473267
74.5136032104
52.0136032104
29.5136051178
7.0136051178
15.4863948822
37.9863967896
60.4863967896
82.9863967896
74.6643829346
52.1643829346
29.6643829346
7.16438341141
15.3356170654
37.8356170654
60.3356170654
82.8356170654
36.6124038696
14.1124038696
8.38759613037
30.8875961304
53.3875961304
75.8875961304
98.3875961304
120.88759613
3.48483276367
19.0151672363
41.5151672363
86.5151672363
109.015167236
131.515167236
141.400131226
118.900131226
96.4001312256
73.9001312256
51.4001274109
28.9001274109
6.40012741089
16.0998725891
133.757980347
111.257980347
88.7579803467
66.2579803467
43.7579803467
21.2579803467
1.24201965332
23.7420196533
165.737213135
143.237213135
120.737205505
98.2372055054
75.7372055054
53.2372055054
30.7372055054
8.23720550537
166.023681641
143.523681641
121.02368927
98.52368927
76.02368927
53.52368927
31.02368927
8.52368927002
7.18494415283
15.3150558472
37.8150558472
60.3150558472
82.8150558472
105.315055847
127.815055847
150.315063477
164.935928345
142.435928345
119.935928345
97.4359283447
74.9359283447
52.4359283447
29.9359283447
7.43592834473
53.8949661255
31.3949661255
36.1050338745
58.6050338745
70.164390564
47.6643867493
25.1643867493
2.66438770294
19.8356132507
42.3356132507
64.835609436
87.335609436
66.6408233643
44.1408195496
21.6408195496
0.859179496765
23.3591804504
45.8591804504
68.3591766357
90.8591766357
62.8238830566
40.3238830566
17.823884964
27.176115036
49.6761169434
72.1761169434
140.677520752
118.177513123
95.6775131226
73.1775131226
50.6775131226
28.1775131226
5.67751312256
16.8224868774
2.78624725342
19.7137527466
42.2137527466
64.7137527466
87.2137527466
109.713752747
132.213745117
154.713745117
7.88353729248
30.3835372925
52.8835372925
75.3835372925
97.8835372925
120.383537292
142.883544922
165.383544922
2.78624725342
19.7137527466
42.2137527466
64.7137527466
87.2137527466
109.713752747
132.213745117
154.713745117
56.25
146.25
28.5555725098
51.0555725098
73.5555725098
118.55557251
141.05557251
163.55557251
163.309661865
140.809661865
118.309661865
95.8096618652
73.3096618652
50.8096618652
28.3096618652
5.80966186523
7.88353729248
30.3835372925
52.8835372925
75.3835372925
97.8835372925
120.383537292
142.883544922
165.383544922
11.25
33.75
56.25
78.75
101.25
123.75
146.25
168.75
9.25371551514
31.7537155151
54.2537155151
76.7537155151
99.2537155151
121.753715515
144.253723145
166.753723145
126.565559387
104.065559387
81.5655593872
59.0655593872
36.5655593872
14.0655593872
8.43444061279
30.9344406128
58.7616500854
36.2616500854
13.7616500854
8.73834991455
31.2383499146
53.7383499146
76.2383499146
98.7383499146
141.203857422
118.703857422
96.2038574219
73.7038574219
51.2038574219
28.7038574219
6.20385742188
16.2961425781
154.713745117
132.213745117
109.713752747
87.2137527466
64.7137527466
42.2137527466
19.7137527466
2.78624725342
17.560798645
4.93920135498
27.439201355
49.939201355
72.439201355
94.939201355
117.439201355
139.939208984
118.55557251
96.0555725098
73.5555725098
51.0555686951
28.5555686951
6.05556869507
16.4444313049
38.9444313049
156.981719971
134.481719971
111.981712341
89.4817123413
66.9817123413
44.4817123413
21.9817123413
0.518287658691
