0.10936999321
0.0796020030975
0.0620908737183
0.0775680541992
0.0703549385071
0.0862619876862
0.0740978717804
0.098562002182
0.0718359947205
0.0620310306549
0.073930978775
0.0971100330353
0.0971460342407
0.087217092514
0.103179931641
0.0739109516144
0.0696468353271
0.0685379505157
0.0872709751129
0.14125585556
0.0658521652222
0.0971269607544
0.0741579532623
0.0616400241852
0.0962691307068
0.0675821304321
0.0787448883057
0.0743019580841
0.0724070072174
0.0927410125732
0.0744268894196
0.104094982147
0.0730168819427
0.0939269065857
0.0730710029602
0.07555103302
0.0605669021606
0.0836510658264
0.0773959159851
0.112776041031
0.0689749717712
0.0907518863678
0.0687780380249
0.0743269920349
0.0856580734253
0.077085018158
0.0639400482178
0.0873110294342
0.093820810318
0.0755870342255
0.0756740570068
